38.271026 -120.316779   0.00980399     1332    53954 1 6 8 8
38.277558 -120.297363   0.17527659     1425    52641 1 6 8 8
38.238478 -120.321536   0.16612311     1262    48097 6 6 8 8
38.241174 -120.307557   0.07613260     1294    48113 6 6 8 8
38.155000 -120.402940   0.34735919      913    27828 6 6 8 8
38.121667 -120.426667   0.04621831      746    27790 7 6 8 8
38.129781 -120.354956   0.10974838      800    31629 6 6 8 8
38.115061 -120.348110   0.23690568      700    31220 6 6 8 8
38.053788 -120.580088   0.15700493      389    12758 11 4 8 8
38.052708 -120.557865   0.04626193      383    12164 11 4 8 8
38.005000 -120.465417   0.23261763      449     9299 6 4 8 8
38.004473 -120.425649   0.07551526      592    14886 8 4 8 8
37.964634 -120.513517   0.18931623      374        0 6 4 8 8
37.980547 -120.466735   0.84343807      433     3448 7 4 8 8
37.966650 -120.409138   0.07783935      562    11367 7 4 8 8
37.934315 -120.503512   0.00839849      413     5123 0 4 8 8
37.899054 -120.452070   0.02201059      397     4397 7 4 8 8
38.087579 -120.584066   0.04625017      403    15967 11 9 8 8
38.092449 -120.531789   0.66931499      493    15906 11 9 8 8
38.033127 -120.595054   0.62068961      552     9214 7 9 8 8
38.037656 -120.531652   0.68221782      435     8906 7 9 8 8
37.996667 -120.576667   0.04253597      441     8799 7 9 8 8
38.020069 -120.443368   0.06942575      575    14869 7 6 8 8
38.018333 -120.427917   0.13306549      647    16398 7 6 8 8
37.912652 -120.463409   0.10195029      388     5446 7 6 8 8
37.986736 -120.568368   0.06077525      447     7497 7 16 8 8
37.974583 -120.549792   0.08885853      427     2822 7 16 8 8
37.953976 -120.460345   0.39055186      446     5720 7 16 8 8
37.918897 -120.457472   0.04199547      441     6257 7 16 8 8
38.031023 -120.448087   0.25451967      461    13559 7 3 8 8
38.044325 -120.430397   0.12144122      601    16790 6 3 8 8
38.215029 -120.402270   0.05914814     1121    47166 6 3 8 8
38.210285 -120.346153   0.42125956     1090    43223 6 3 8 8
38.125833 -120.151667   0.01155392     1387    60543 0 3 8 8
38.079387 -120.500833   0.00982707      561    15525 0 3 8 8
38.079425 -120.485694   0.26186465      582    16937 7 3 8 8
38.072988 -120.205632   0.33847275     1158    47836 1 3 8 8
38.088815 -120.160898   0.50538341     1357    52860 1 3 8 8
38.061250 -120.500833   0.00173462      554    15355 0 3 8 8
38.061250 -120.492500   0.01561158      553    16621 0 3 8 8
38.020861 -120.335792   0.00780711     1160    35153 6 3 8 8
38.046508 -120.218816   0.09600591     1276    49473 6 3 8 8
38.278359 -120.348596   0.16001640     1298    52890 1 6 8 8
38.255833 -120.311250   0.00864999     1423    55683 0 6 8 8
38.220320 -120.408199   0.01240574     1164    47630 6 6 8 8
38.223095 -120.352179   0.59131548     1151    43293 6 6 8 8
38.157584 -120.469128   0.47219160      726    26535 6 6 8 8
38.162734 -120.418252   0.42763745      851    27605 6 6 8 8
38.158057 -120.341940   0.47785045      882    34029 6 6 8 8
38.154200 -120.277131   0.88759407     1058    39346 6 6 8 8
38.142846 -120.239559   0.33380601     1155    46268 6 6 8 8
38.107766 -120.543895   0.06126044      521    19469 7 6 8 8
38.117500 -120.488333   0.14443969      660    24538 7 6 8 8
38.065417 -120.375833   0.00404722      620    27659 0 6 8 8
38.068875 -120.336178   0.24997301      756    27899 6 6 8 8
38.091472 -120.276839   1.34122549      951    35507 6 6 8 8
38.089834 -120.236403   0.54900329     1091    43110 6 6 8 8
38.030166 -120.378046   0.00289107      734    27774 6 6 8 8
38.044295 -120.352254   0.29123878      965    27960 6 6 8 8
38.043858 -120.280550   0.20387069     1167    35600 6 6 8 8
38.017453 -120.218690   0.00028910     1450    43186 6 6 8 8
38.190417 -120.332083   0.09494685      782    41565 6 6 8 8
38.190417 -120.302917   0.04646335     1041    43888 6 6 8 8
38.145373 -120.385852   0.40113102      714    28605 6 6 8 8
38.158220 -120.343406   1.03098333      726    30996 6 6 8 8
38.154342 -120.290357   0.62221167      901    37834 6 6 8 8
38.072317 -120.515955   0.23702932      527    15486 7 6 8 8
38.074217 -120.461382   0.41043778      557    16959 7 6 8 8
38.090640 -120.399472   1.17502701      586    20338 6 6 8 8
38.094776 -120.344505   1.13849637      757    27713 6 6 8 8
38.104492 -120.302053   0.28429477      852    36617 6 6 8 8
38.048963 -120.510759   0.26025994      503    10526 7 6 8 8
38.046999 -120.477304   0.54074368      492    11830 7 6 8 8
38.033199 -120.401262   0.88035063      661    16868 6 6 8 8
38.132069 -120.461902   0.08489627      685    26409 7 6 8 8
38.125833 -120.419263   0.00751005      762    27474 0 6 8 8
38.101667 -120.505000   0.06934645      568    22138 11 6 8 8
38.104724 -120.463881   0.79342224      623    20376 7 6 8 8
38.112814 -120.425419   0.17159724      721    25284 6 6 8 8
38.380379 -120.177045   0.06332551     1722    72734 1 3 8 8
38.319583 -120.250833   0.00979555     1597    63354 0 3 8 8
38.329384 -120.211957   0.71316430     1484    62437 1 3 8 8
38.351818 -120.182311   0.19001905     1606    67230 6 3 8 8
38.319357 -120.006899   0.08469712     1763    88132 6 3 8 8
38.334076 -119.967806   0.70161193     1742    88541 6 3 8 8
38.353910 -119.932083   0.11229788     1680    96395 1 3 8 8
38.270772 -120.267874   0.64287179     1330    51932 1 3 8 8
38.282636 -120.224462   1.05888230     1486    56377 1 3 8 8
38.267170 -120.163541   0.48025912     1671    61685 1 3 8 8
38.276988 -120.015160   0.71665322     1461    79091 6 3 8 8
38.289527 -119.992894   0.28065256     1716    83395 6 3 8 8
38.204971 -120.320517   0.16735664      826    42868 6 3 8 8
38.218049 -120.279609   1.47709289     1232    44281 6 3 8 8
38.219469 -120.221941   1.38893519     1398    50355 1 3 8 8
38.222665 -120.165470   0.55929254     1459    58005 6 3 8 8
38.196335 -120.089165   0.32462517     1174    64805 6 3 8 8
38.216057 -120.027948   0.76190521     1524    72906 6 3 8 8
38.182546 -120.263670   0.11431959      856    45571 6 3 8 8
38.165861 -120.220100   0.79829009     1100    49400 6 3 8 8
38.173410 -120.162361   0.58461798     1193    55587 6 3 8 8
38.161506 -120.090725   0.52539013     1413    64713 1 3 8 8
38.163694 -120.044425   0.23410012     1655    72894 1 3 8 8
38.121667 -120.218333   0.04621831     1146    49323 6 3 8 8
38.250833 -119.918333   0.02306822     2304    92194 0 16 8 8
38.216178 -119.944080   0.16733031     2180    87399 6 16 8 8
38.230465 -119.910938   0.59989474     2418    89167 1 16 8 8
38.226667 -119.871667   0.04615177     2464    97108 1 16 8 8
38.519522 -119.921264   0.07585041     2508   108683 6 16 8 8
38.449566 -120.009069   0.19669430     2125    93519 1 16 8 8
38.463379 -119.966561   0.96746676     2201    96018 6 16 8 8
38.474000 -119.919112   0.71895331     2501   104598 6 16 8 8
38.418333 -120.065417   0.04027616     1932    86552 6 16 8 8
38.425415 -120.031868   0.40157936     2032    87277 6 16 8 8
38.402798 -119.964815   1.14782593     2081    94879 6 16 8 8
38.411295 -119.930579   0.21434233     2173   101538 6 16 8 8
38.365977 -119.953297   0.22053715     2009    99278 6 16 8 8
38.369988 -119.933016   0.03857527     1985    99355 1 16 8 8
38.250833 -119.815417   0.00403694     2765   106998 0 16 8 8
38.250833 -119.802917   0.01326422     2820   106998 0 16 8 8
38.208399 -119.904238   0.35694063     2268    89483 6 16 8 8
38.213486 -119.843403   0.83541334     2594    96977 7 16 8 8
38.207252 -119.784994   0.13093326     2698   105787 10 16 8 8
38.442331 -119.821498   0.07448440     2634   117630 6 3 8 8
38.445846 -119.787103   0.24300026     2388   120457 1 3 8 8
38.440417 -119.746667   0.01610554     2522   124247 6 3 8 8
38.382292 -120.147500   0.23024111     1782    72810 6 3 8 8
38.382634 -119.902270   0.30045076     2273   101762 1 3 8 8
38.400045 -119.835413   0.86355573     2214   106178 1 3 8 8
38.407226 -119.784210   1.28638139     2199   112959 1 3 8 8
38.422903 -119.722995   0.47290493     2397   121962 1 3 8 8
38.362303 -120.157083   0.43763154     1852    70528 6 3 8 8
38.337506 -120.088030   0.05731369     2045    78313 1 3 8 8
38.325023 -120.032583   0.46115538     1905    88633 6 3 8 8
38.359684 -119.901720   0.64957738     1856    98291 6 3 8 8
38.354649 -119.841415   1.03380591     2038   104804 1 3 8 8
38.347750 -119.784171   0.89673011     2221   113151 6 3 8 8
38.338569 -119.733459   0.55583839     2501   120792 6 3 8 8
38.276803 -120.070372   0.35488390     1872    80279 6 3 8 8
38.298432 -120.048967   0.30916832     1811    80379 1 3 8 8
38.253384 -119.976173   0.05649656     2009    84053 1 3 8 8
38.305128 -119.729133   0.14119273     2301   123052 1 3 8 8
38.246667 -120.080833   0.02306954     1731    81097 1 3 8 8
38.220659 -120.004624   0.16649367     1748    79730 1 3 8 8
38.220803 -119.975810   1.15846269     1932    81280 1 3 8 8
38.239167 -119.936250   0.00865197     2245    90289 0 3 8 8
38.163448 -120.015766   0.00663830     1732    78803 1 3 8 8
38.147192 -119.988393   0.00086582     1814    84559 1 3 8 8
38.456284 -120.073095   0.20963542     2171    88805 1 3 8 8
38.460121 -120.036389   0.76509123     2208    90217 6 3 8 8
38.446825 -119.895685   0.31745607     2333   107222 6 3 8 8
38.459065 -119.860025   0.23461752     2332   111542 6 3 8 8
38.409503 -120.084567   0.65050702     1909    80247 6 3 8 8
38.403446 -120.048609   0.33061174     2003    87108 1 3 8 8
38.403403 -119.943368   0.06906102     2074   101021 6 3 8 8
38.420913 -119.907978   0.56270981     2160   103220 6 3 8 8
38.426009 -119.869026   0.08169180     2309   111481 6 3 8 8
38.320710 -119.951665   0.20136220     1899    92938 6 3 8 8
38.329471 -119.914706   0.31425153     2011    96319 6 3 8 8
38.326907 -119.843880   0.41479700     2246   104614 6 3 8 8
38.322445 -119.779520   0.40732221     2300   114369 6 3 8 8
38.319583 -119.746667   0.03917885     2009   121300 0 3 8 8
38.290336 -119.969944   0.68619558     1862    84290 1 3 8 8
38.300305 -119.906356   0.40600570     2188    94951 6 3 8 8
38.294002 -119.833579   0.37175346     2314   105669 6 3 8 8
38.299571 -119.771473   0.31007744     2434   117386 6 3 8 8
38.298750 -119.746667   0.07607008     2166   122435 6 3 8 8
38.270108 -120.138091   0.41629361     1765    65843 6 3 8 8
38.273624 -120.108836   0.55229564     1826    69178 6 3 8 8
38.246667 -120.134167   0.05075299     1693    66625 6 3 8 8
38.246667 -120.121667   0.01845563     1784    69102 0 3 8 8
38.279682 -120.353273   0.00028835     1324    53283 1 3 8 8
38.250833 -120.101667   0.02306822     1836    70335 0 3 8 8
38.242696 -120.363971   0.00490281     1212    50305 1 3 8 8
38.214475 -120.199779   0.23369008     1511    56306 6 3 8 8
38.220970 -120.159217   0.65485039     1564    57811 6 3 8 8
38.230680 -120.105129   0.48456706     1676    68091 6 3 8 8
38.198162 -120.032115   0.22506884     1705    73392 6 3 8 8
38.149748 -120.202442   0.49207663     1327    51097 6 3 8 8
38.146831 -120.152825   1.02799969     1441    54369 6 3 8 8
38.152759 -120.095759   0.72902717     1528    62448 6 3 8 8
38.154980 -120.049677   0.10102743     1621    73527 6 3 8 8
38.105871 -120.210949   0.67206291     1200    45798 6 3 8 8
38.105209 -120.155538   0.52466976     1416    52413 6 3 8 8
38.098403 -120.091604   0.03061952     1568    61530 6 3 8 8
38.341483 -120.289372   0.01181171     1604    63539 1 3 8 8
38.288654 -120.323622   0.02767653     1417    55504 1 3 8 8
38.294985 -120.285467   0.27725895     1485    55645 1 3 8 8
38.250833 -120.069583   0.00980399     1694    80094 0 3 8 8
38.277455 -120.041409   0.59550855     1663    78813 6 3 8 8
38.206875 -120.142269   0.41545331     1403    60830 6 3 8 8
38.220091 -120.090226   0.69407377     1446    66927 6 3 8 8
38.235151 -120.045088   0.39050864     1329    73568 6 3 8 8
38.465047 -120.156382   0.02070590     2368    87613 1 3 8 8
38.469136 -120.091555   0.35021980     2312    86134 1 3 8 8
38.485741 -120.043553   0.25207707     2364    95155 6 3 8 8
38.405475 -120.212159   0.00316626     2013    73389 1 3 8 8
38.420034 -120.163037   0.04517061     2190    76173 1 3 8 8
38.388681 -120.096458   0.15533541     2197    80787 1 3 8 8
38.378690 -120.011607   0.06043780     2163    88990 1 3 8 8
38.380000 -119.992500   0.06217320     2203    95435 1 3 8 8
38.333351 -120.275379   0.00374434     1780    65051 1 3 8 8
38.351488 -120.231369   0.16531218     1745    64242 1 3 8 8
38.350027 -120.138201   0.30812362     2011    72519 1 3 8 8
38.345209 -120.092287   1.45894963     2106    73883 1 3 8 8
38.355096 -120.035649   0.47508237     2211    82332 1 3 8 8
38.363333 -119.990847   0.14510260     2273    93695 1 3 8 8
38.315417 -119.710000   0.04033348     2507   126254 7 3 8 8
38.293429 -120.283910   0.01153371     1429    54626 0 3 8 8
38.268947 -120.212962   0.37188306     1628    56153 1 3 8 8
38.291803 -120.158887   0.44265802     1763    62973 1 3 8 8
38.291213 -120.093776   0.68136057     1944    71096 6 3 8 8
38.269565 -119.955340   0.59792957     2087    84213 1 3 8 8
38.274647 -119.910565   0.86645638     2381    92155 6 3 8 8
38.272500 -119.871667   0.02306134     2508   100241 6 3 8 8
38.296530 -119.701122   0.29970635     2691   126330 6 3 8 8
38.271368 -119.670947   0.46698191     2567   131361 6 3 8 8
38.246667 -120.255833   0.02306954     1447    54363 0 3 8 8
38.211113 -119.952520   0.13557310     2142    84591 6 3 8 8
38.198119 -119.909396   0.18614561     2445    90263 1 3 8 8
38.451905 -120.155926   0.00402638     2300    87428 1 3 8 8
38.470201 -120.110568   0.09375197     2230    87220 1 3 8 8
38.445242 -119.958266   0.17828848     2209    99357 6 3 8 8
38.458077 -119.932083   0.07475743     2383   104988 7 3 8 8
38.398600 -120.221735   0.03713158     2021    72849 6 3 8 8
38.407970 -120.154031   0.66765158     1967    72810 1 3 8 8
38.406414 -120.102418   0.77224512     2068    79352 1 3 8 8
38.400067 -120.025437   0.82588975     2084    88025 1 3 8 8
38.423305 -119.982867   0.33945031     2125    96276 6 3 8 8
38.360622 -120.216643   0.25338457     1771    66185 1 3 8 8
38.371667 -120.186250   0.00690894     1686    72024 0 3 8 8
38.352612 -120.030176   0.59893222     2108    89492 1 3 8 8
38.354221 -119.980997   0.35128723     2163    91496 1 3 8 8
38.529887 -119.969018   0.03562871     2403   107357 6 16 8 8
38.523317 -119.902458   0.09050410     2433   108552 6 16 8 8
38.522452 -119.842334   0.06176802     2751   121842 6 16 8 8
38.492306 -119.957713   0.14829341     2375   102297 6 16 8 8
38.476777 -119.889076   0.29496791     2599   107580 6 16 8 8
38.483968 -119.851749   0.61137065     2556   112869 6 16 8 8
38.444762 -119.703096   0.13372320     2707   128801 6 16 8 8
38.440417 -119.682083   0.01294189     2634   130629 0 16 8 8
38.397500 -119.750833   0.00575540     2725   124563 0 16 8 8
38.405378 -119.711549   0.70937100     2512   122780 1 16 8 8
38.398101 -119.680216   0.24769492     2913   129564 6 16 8 8
38.367500 -119.690417   0.03627404     2716   132767 6 16 8 8
38.347471 -119.669142   0.52237665     2885   130421 6 16 8 8
38.267500 -119.755000   0.14529642     2503   127302 1 16 8 8
38.276694 -119.733188   0.56957443     2286   124001 6 16 8 8
38.224131 -119.758958   0.25557416     2704   132185 10 16 8 8
38.213903 -119.723055   0.70094336     2766   131453 9 16 8 8
38.202420 -119.657920   0.12060240     2894   140804 9 16 8 8
38.519406 -120.011073   0.01724094     2558   102313 6 3 8 8
38.512156 -119.970010   0.21576701     2547   102090 6 3 8 8
38.529906 -119.920286   0.03620023     2448   109817 1 3 8 8
38.485752 -120.008487   0.20034157     2365    97993 6 3 8 8
38.486984 -119.986154   0.32306338     2361    98734 6 3 8 8
38.460935 -119.833189   0.66071819     2568   112878 7 3 8 8
38.470442 -119.783758   0.87342614     2598   121853 6 3 8 8
38.451979 -119.735417   0.28150020     2788   124678 7 3 8 8
38.402110 -119.897021   0.54099209     2470   103104 6 3 8 8
38.411809 -119.851375   0.67325410     2526   107366 6 3 8 8
38.402557 -119.770116   0.32628866     2658   115743 1 3 8 8
38.389609 -119.725855   0.43624591     2789   122873 1 3 8 8
38.379405 -119.662976   0.03194958     3159   136167 0 3 8 8
38.327874 -119.899028   0.62041685     2152    97035 1 3 8 8
38.318750 -119.857525   0.17140191     2347   104576 6 3 8 8
38.359856 -119.775190   0.31584781     2619   116954 6 3 8 8
38.348081 -119.710433   0.94836488     2773   122380 6 3 8 8
38.340350 -119.657945   0.71359618     2988   130066 7 3 8 8
38.277209 -119.893783   0.32576429     2391    96284 6 3 8 8
38.277637 -119.846411   1.22240787     2529    99726 6 3 8 8
38.278403 -119.786940   1.15267964     2606   107184 6 3 8 8
38.268739 -119.706538   0.53474446     2791   127765 6 3 8 8
38.282195 -119.655762   0.82312457     2996   130984 6 3 8 8
38.259167 -119.621667   0.03805690     3104   139808 7 3 8 8
38.241641 -119.893918   0.22376941     2563    94823 1 3 8 8
38.236326 -119.841268   0.34095457     2726    98766 10 3 8 8
38.229722 -119.788913   0.55840873     2752   104902 7 3 8 8
38.237407 -119.703681   0.37091809     2887   132256 7 3 8 8
38.233564 -119.655590   0.71706440     2934   135333 10 3 8 8
38.238726 -119.616164   0.09401463     2987   140223 7 3 8 8
38.315417 -120.190417   0.01411672     1698    66258 0 3 8 8
38.326348 -120.156304   0.67714488     1855    66945 1 3 8 8
38.326667 -120.117500   0.10369857     1867    73921 6 3 8 8
38.297559 -120.198296   0.19047803     1604    62695 1 3 8 8
38.305087 -120.166489   0.28215799     1692    65619 6 3 8 8
38.211080 -120.070664   0.07789856     1052    71062 1 14 8 8
38.217790 -120.056540   0.06635102     1067    73021 0 14 8 8
38.065417 -120.440417   0.01416525      424    19257 0 14 8 8
38.090349 -120.418335   0.28638799      481    19564 6 14 8 8
38.016420 -120.567603   0.09372850      403     8457 7 14 8 8
38.015492 -120.537348   0.63634276      353     6506 7 14 8 8
38.027265 -120.474196   0.51396241      374     8612 7 14 8 8
38.061250 -120.432083   0.01127503      339    19248 0 14 8 8
37.996667 -120.565417   0.01620406      331     8150 0 14 8 8
37.978981 -120.526325   0.83306573      333      933 0 14 8 8
37.957588 -120.490750   0.26750630      331     2972 7 14 8 8
37.932083 -120.481795   0.07443181      351     4513 7 14 8 8
