37.880000 -120.323750   0.05533636      365    38207 7 6 9 9
37.879800 -120.285869   0.07104346      468    41131 8 6 9 9
37.860427 -120.322985   0.15820008      471    34999 6 6 9 9
37.853620 -120.290749   0.41585309      646    37776 6 6 9 9
37.900441 -120.257696   0.05805257      463    47673 7 6 9 9
37.905238 -120.218631   0.35851254      625    49964 7 6 9 9
37.893387 -120.158892   0.25340949      629    58506 7 6 9 9
37.875833 -120.113333   0.00956485     1003    67640 0 6 9 9
37.870374 -120.129282   0.01981495      523    66144 7 6 9 9
37.855869 -120.106176   0.22278298      606    67563 6 6 9 9
38.004473 -120.425649   0.00937685      641    54420 8 4 9 9
37.980547 -120.466735   0.01501323      525    47006 7 4 9 9
37.966650 -120.409138   0.76406264      529    45079 7 4 9 9
37.943167 -120.369118   0.03515184      508    47632 7 4 9 9
37.899054 -120.452070   0.21414974      380    35695 7 4 9 9
37.904619 -120.404296   0.88030167      419    33717 7 4 9 9
37.901145 -120.348704   0.66413306      519    33564 7 4 9 9
37.893149 -120.288450   0.34219895      582    41170 7 4 9 9
37.879647 -120.241511   0.04030492      756    50871 6 4 9 9
37.834157 -120.456140   0.07587850      357    22786 7 4 9 9
37.858750 -120.400174   0.41008941      364    28096 7 4 9 9
37.842634 -120.348433   0.72159273      430    22819 7 4 9 9
37.849012 -120.270981   0.29338699      740    37191 6 4 9 9
37.858497 -120.238188   0.19543242      805    49366 6 4 9 9
37.794843 -120.451545   0.23683276      341    15526 7 4 9 9
37.772068 -120.415348   0.45341860      293    12566 7 4 9 9
37.783995 -120.333672   0.63196233      490    16587 7 4 9 9
37.771789 -120.291095   0.49661810      657    21997 6 4 9 9
37.760509 -120.234815   0.05576449      756    47479 6 4 9 9
37.705833 -120.440417   0.00205439      250     5462 0 4 9 9
37.711492 -120.412088   0.48272724      270     3579 7 4 9 9
37.713076 -120.331092   0.19855533      349    11872 7 4 9 9
37.723970 -120.286200   0.18535623      661    21588 7 4 9 9
37.674931 -120.443368   0.03373999      146      224 7 4 9 9
37.679981 -120.418175   0.13119283      232      725 7 4 9 9
37.672353 -120.338930   0.24098613      320    12851 7 4 9 9
37.657655 -120.284152   0.01079004      365    21569 7 4 9 9
38.000833 -119.789167   0.00341021     2009   124697 0 3 9 9
37.961474 -119.838805   0.31049071     1622   109354 6 3 9 9
37.980139 -119.792234   0.24048304     1897   117727 6 3 9 9
37.954829 -119.651254   0.36511920     2278   131881 6 3 9 9
37.975385 -119.610288   0.17739138     2469   140468 1 3 9 9
37.922500 -119.875833   0.00341385     1518   107094 0 3 9 9
37.926082 -119.853999   0.11436466     1560   107318 6 3 9 9
37.907843 -119.783234   0.49510699     1792   112274 1 3 9 9
37.909607 -119.727720   0.18095469     2139   123921 1 3 9 9
37.936250 -119.660000   0.02047929     2017   133875 0 3 9 9
37.912652 -120.463409   0.10790521      396    37916 7 6 9 9
37.953976 -120.460345   0.05972347      474    44615 7 16 9 9
37.942173 -120.433116   0.02064773      425    44877 0 16 9 9
37.918897 -120.457472   0.10207961      423    35618 7 16 9 9
37.924176 -120.427730   0.08005386      410    41027 7 16 9 9
37.846347 -120.456327   0.48205682      365    22339 8 16 9 9
37.832267 -120.413113   0.50497580      358    22318 7 16 9 9
37.826738 -120.341205   0.09844513      409    22126 7 16 9 9
37.821363 -120.278157   0.24611203      688    37498 6 16 9 9
37.830833 -120.246667   0.01367242      947    52297 7 16 9 9
37.811250 -120.440417   0.00358996      332    22023 0 16 9 9
37.804776 -120.392197   0.12566841      354    19956 7 16 9 9
37.800517 -120.367346   0.07420332      388    14197 6 16 9 9
37.789394 -120.274248   0.36426907      525    27350 6 16 9 9
37.754282 -120.245374   0.01591048      644    48389 0 16 9 9
37.722500 -120.375833   0.00342312      257    11725 0 16 9 9
37.715911 -120.353940   0.23963641      295    11949 7 16 9 9
37.736556 -120.230858   0.00068437      705    49546 7 16 9 9
37.673280 -120.328194   0.10413227      303    16161 7 16 9 9
37.655833 -120.311250   0.00274087      349    21754 0 16 9 9
37.956738 -120.337255   0.47414244      637    47504 7 3 9 9
37.949553 -120.304710   0.09912446      733    47580 7 3 9 9
37.926352 -120.334685   0.24085744      559    43522 8 3 9 9
37.922775 -120.292759   0.22684307      670    45305 7 3 9 9
37.782446 -120.399489   0.21206364      309    14845 7 3 9 9
37.760340 -120.357130   0.09236932      287    14906 7 3 9 9
37.739069 -120.342108   0.16958580      337    14385 7 3 9 9
38.072988 -120.205632   0.00647370     1395    78972 1 3 9 9
38.088815 -120.160898   0.19962090     1434    77592 1 3 9 9
38.000833 -120.375833   0.00068204      745    57414 0 3 9 9
38.020861 -120.335792   0.50675562      865    57376 6 3 9 9
38.025466 -120.281571   0.65724696      945    59351 6 3 9 9
38.046508 -120.218816   0.39858276     1205    67052 6 3 9 9
38.048818 -120.172909   0.21795000     1203    72453 6 3 9 9
37.992500 -120.375833   0.00613908      661    55787 0 3 9 9
37.988630 -120.342644   0.34450593      711    52438 7 3 9 9
37.969464 -120.280808   0.77243441      842    49386 7 3 9 9
37.964807 -120.225936   0.31149006      839    54192 6 3 9 9
37.960543 -120.181540   0.03923982     1006    63188 6 3 9 9
37.932686 -120.275870   0.07784136      738    48421 7 3 9 9
37.936250 -120.246667   0.00409586      754    54061 0 3 9 9
37.798095 -120.258274   0.09575216      693    46414 6 3 9 9
37.774735 -120.225735   0.22232952      707    47178 6 3 9 9
38.089834 -120.236403   0.00511065     1407    74010 6 6 9 9
38.030166 -120.378046   0.03683173      714    58603 6 6 9 9
38.044295 -120.352254   0.26209427      884    58843 6 6 9 9
38.043858 -120.280550   0.18132332     1111    64729 6 6 9 9
38.017453 -120.218690   0.50335575     1163    62393 6 6 9 9
38.024433 -120.157486   0.48681945     1297    67052 6 6 9 9
38.021605 -120.093448   0.34671880     1576    76294 1 6 9 9
38.007229 -120.059990   0.01466220     1331    99070 0 6 9 9
37.984102 -120.258714   0.08800299      941    58890 7 6 9 9
37.978422 -120.211699   0.46381453      964    58721 6 6 9 9
37.964647 -120.154480   0.76748893     1194    62479 6 6 9 9
37.965470 -120.094254   0.82235637     1445    69260 1 6 9 9
37.982252 -120.057842   0.07589134     1235    90461 1 6 9 9
37.926013 -120.194887   0.02577336      984    58513 0 6 9 9
37.916741 -120.149147   0.52842523     1046    60696 6 6 9 9
37.908349 -120.098648   0.78450372     1188    66563 6 6 9 9
37.932083 -120.061250   0.00665615      976    88355 0 6 9 9
37.871667 -120.093333   0.02733045      980    71082 6 6 9 9
37.816743 -120.028330   0.09043187     1038    81526 6 6 9 9
37.815417 -119.980000   0.05743614     1122    86386 6 6 9 9
37.786999 -120.026454   0.05453999     1206    83385 6 6 9 9
37.780184 -119.969813   0.42014599     1364    86872 6 6 9 9
37.783560 -119.910162   0.44874392     1509    96124 6 6 9 9
37.764642 -119.841608   0.18373955     1789   104803 1 6 9 9
37.765988 -119.796522   0.12436097     1921   112723 1 6 9 9
38.033199 -120.401262   0.19024156      689    54829 6 6 9 9
38.005833 -120.371667   0.01363992      810    57769 6 6 9 9
37.985880 -120.384213   0.12280170      592    48735 7 6 9 9
37.966317 -120.368038   0.10576172      565    48642 7 6 9 9
37.951065 -120.224352   0.18426724      764    55257 7 6 9 9
37.960000 -120.065417   0.02388478     1487    94033 1 6 9 9
37.955669 -120.040039   0.40603784     1219    89959 6 6 9 9
37.911080 -120.261636   0.18437862      618    47318 7 6 9 9
37.907759 -120.218047   0.53165433      706    50466 6 6 9 9
37.893456 -120.173519   0.17858576      784    58676 6 6 9 9
37.898095 -120.069515   0.16632018      940    79151 6 6 9 9
37.915530 -120.042687   0.30829938     1212    79189 6 6 9 9
37.819583 -120.250833   0.00581166      904    51058 0 6 9 9
37.840152 -120.213190   0.75206518      901    51112 6 6 9 9
37.843189 -120.156818   0.94131058      900    59456 6 6 9 9
37.838464 -120.091969   0.54406157      834    68250 6 6 9 9
37.845570 -120.053931   0.18128517      854    76150 6 6 9 9
37.807083 -120.250833   0.00444510      815    49338 0 6 9 9
37.792133 -120.210380   0.47267823      960    49054 6 6 9 9
37.781282 -120.156218   0.38286510     1036    57424 6 6 9 9
37.781250 -120.093750   0.12652348     1003    74383 6 6 9 9
37.885238 -120.022404   0.21243663      976    85584 6 3 9 9
37.893886 -119.965055   0.33464213      985    88361 6 3 9 9
37.893927 -119.912101   0.19738785     1123    97635 6 3 9 9
37.842386 -120.072140   0.07518543      564    74552 6 3 9 9
37.846893 -120.024693   0.66574300      836    77476 6 3 9 9
37.852402 -119.982031   0.40664300     1060    86233 6 3 9 9
37.871667 -119.936250   0.00409945     1094    98175 0 3 9 9
37.951665 -119.822962   0.15339339     1606   114052 6 3 9 9
37.957902 -119.782509   0.45570031     1457   116238 6 3 9 9
37.962889 -119.717415   0.68734720     1698   123668 7 3 9 9
37.951790 -119.670574   0.09400301     1968   131232 7 3 9 9
37.883355 -119.893569   0.15435289     1162    98159 6 3 9 9
37.902467 -119.840204   0.78381970     1383   103192 6 3 9 9
37.922949 -119.801705   0.15618368     1338   111996 6 3 9 9
37.933289 -119.700251   0.05308684     1244   127385 0 3 9 9
37.928557 -119.657748   0.20976385     1656   131884 7 3 9 9
37.866423 -119.908968   0.20092641     1299    95855 6 3 9 9
37.852644 -119.836989   0.59278954     1507   103100 6 3 9 9
37.836857 -119.804546   0.16999639     1681   111571 1 3 9 9
37.806429 -119.819125   0.03265336     1600   110156 1 3 9 9
37.790218 -119.784558   0.19986466     1696   111907 1 3 9 9
38.161506 -120.090725   0.07233444     1533    92490 1 3 9 9
38.163694 -120.044425   0.18342229     1634    95366 1 3 9 9
38.072972 -120.132870   0.08756001     1399    81334 1 3 9 9
38.091653 -120.103934   0.35694250     1537    84050 1 3 9 9
38.084856 -120.016101   0.27590223     1690   109677 1 3 9 9
38.101667 -119.996667   0.02724415     1709   115024 6 3 9 9
38.022681 -120.141895   0.19259468     1204    68379 6 3 9 9
38.031277 -120.089302   0.44483938     1543    75022 1 3 9 9
38.029081 -120.028984   0.83004512     1550    99224 1 3 9 9
38.019627 -119.974442   0.16433014     1765   104331 1 3 9 9
38.024379 -119.901064   0.54887549     1764   115378 6 3 9 9
38.013029 -119.844374   0.28469595     1856   115378 6 3 9 9
38.005788 -119.790604   0.11356623     1978   121025 6 3 9 9
37.991458 -120.158646   0.15281544     1081    66876 6 3 9 9
37.994408 -120.096064   0.11324629     1408    75061 1 3 9 9
37.980686 -120.024411   0.34182753     1432    94781 1 3 9 9
37.967824 -119.972761   0.50015280     1592    97079 6 3 9 9
37.965361 -119.902552   0.71034700     1458   105928 6 3 9 9
37.976207 -119.852188   0.40355801     1562   108498 6 3 9 9
37.994907 -119.784701   0.09447362     2043   120066 6 3 9 9
37.911429 -120.015254   0.26223272     1165    88809 6 3 9 9
37.909941 -119.975044   0.51455518     1124    90838 6 3 9 9
37.915481 -119.907095   0.58827088     1324    97750 6 3 9 9
37.917454 -119.869606   0.06213627     1506   107395 6 3 9 9
37.839944 -119.956585   0.49713952     1230    88093 6 3 9 9
37.837573 -119.905365   0.75614120     1356    94906 6 3 9 9
37.829440 -119.854629   0.36841071     1478   103100 1 3 9 9
37.804583 -119.945637   0.04291260     1173    92350 6 3 9 9
37.779087 -119.902587   0.32459182     1417    94951 6 3 9 9
37.791094 -119.846668   0.50630307     1508   104765 1 3 9 9
37.786342 -119.801010   0.10089392     1666   112000 1 3 9 9
38.080703 -119.895434   0.26126924     1968   119168 6 16 9 9
38.079071 -119.841594   0.47602274     2206   123627 6 16 9 9
38.074051 -119.783010   0.33296074     2315   127932 8 16 9 9
38.076286 -119.723142   0.34999458     2383   131476 10 16 9 9
38.068196 -119.657678   0.14322300     2520   140142 10 16 9 9
38.065417 -119.601667   0.02385045     2736   149653 10 16 9 9
38.054312 -119.898659   0.14755829     1779   120223 6 16 9 9
38.039138 -119.843509   0.67066267     2102   116999 6 16 9 9
38.034807 -119.779957   0.84183360     2052   121249 7 16 9 9
38.031250 -119.718750   0.95872436     2282   128018 10 16 9 9
38.031218 -119.656282   0.95769263     2455   134061 10 16 9 9
38.029066 -119.602337   0.57778259     2474   142194 10 16 9 9
38.019771 -119.538041   0.28397999     2511   153219 10 16 9 9
37.987332 -119.758714   0.08799951     1955   123758 7 16 9 9
37.992134 -119.718226   0.22514148     2177   126142 1 16 9 9
37.983780 -119.658527   0.47759063     2111   131970 7 16 9 9
37.990528 -119.592649   0.18589350     2271   139966 7 16 9 9
37.971640 -119.530550   0.71439674     2581   148896 7 16 9 9
37.955124 -119.473851   0.44291021     2560   156105 7 16 9 9
37.964167 -119.436250   0.00511788     2506   165897 0 16 9 9
37.927702 -119.521216   0.19900573     2137   150410 7 16 9 9
37.927917 -119.475833   0.22768721     2170   155882 7 16 9 9
37.950628 -119.385122   0.12796796     2712   171381 6 2 9 9
37.958397 -119.368782   0.04435722     2922   174737 7 2 9 9
37.915367 -119.389402   0.22772330     2695   169307 6 2 9 9
37.896652 -119.341398   0.58735676     2858   172679 6 2 9 9
37.891300 -119.282795   0.45608882     2969   182199 6 2 9 9
37.882477 -119.243626   0.05055110     3086   190147 6 2 9 9
37.869693 -119.389211   0.07789789     2725   172426 6 2 9 9
37.863788 -119.340322   0.30071390     2740   173935 6 2 9 9
37.845318 -119.286620   0.45964178     2879   181784 6 2 9 9
37.867306 -119.238140   0.05876210     3094   190518 7 2 9 9
37.799926 -119.259722   0.08719903     2936   190876 6 2 9 9
37.797500 -119.246667   0.01367859     3218   194056 10 2 9 9
38.208399 -119.904238   0.03520250     2583   133723 6 16 9 9
38.213486 -119.843403   0.23207605     2680   135103 7 16 9 9
38.207252 -119.784994   0.34259177     2691   145454 10 16 9 9
38.190417 -119.728611   0.02142868     2765   152232 10 16 9 9
38.154042 -119.879083   0.03403343     2335   132735 7 16 9 9
38.155248 -119.841200   0.86866415     2418   134694 7 16 9 9
38.157374 -119.782661   0.90873485     2558   138890 10 16 9 9
38.171649 -119.729308   0.28474939     2686   150075 10 16 9 9
38.097052 -119.887045   0.16960771     1997   126902 6 16 9 9
38.108248 -119.845879   0.48189088     2161   128653 7 16 9 9
38.103776 -119.780992   0.60857928     2348   130584 9 16 9 9
38.098690 -119.744881   0.07151428     2457   134755 10 16 9 9
37.880245 -119.222990   0.05738781     3539   192161 6 16 9 9
37.845645 -119.216053   0.14899754     3391   192199 7 16 9 9
37.801667 -119.205833   0.03145818     3598   199968 9 16 9 9
38.220659 -120.004624   0.00731296     1731   104839 1 3 9 9
38.220803 -119.975810   0.01938731     1765   105618 1 3 9 9
38.163448 -120.015766   0.20705021     1767    99486 1 3 9 9
38.147192 -119.988393   0.14241705     1884   105264 1 3 9 9
38.100939 -120.007251   0.11409063     1775   110380 1 3 9 9
38.097504 -119.977592   0.55343591     1918   109987 1 3 9 9
38.072794 -119.919768   0.10390834     1984   115889 1 3 9 9
38.061250 -120.000833   0.00102222     1794   110118 0 3 9 9
38.046975 -119.968879   0.38408719     1855   107133 1 3 9 9
38.054509 -119.926185   0.07667664     1983   114263 1 3 9 9
38.000833 -119.589167   0.00341021     2692   145428 0 3 9 9
37.961064 -119.952165   0.30179247     1674    99124 6 3 9 9
37.969087 -119.928930   0.13322343     1581   101269 6 3 9 9
37.945199 -119.761980   0.08088640     1700   120319 1 3 9 9
37.942470 -119.740749   0.04709628     1530   124029 0 3 9 9
37.946760 -119.629565   0.02286575     2490   139784 0 3 9 9
37.963377 -119.590424   0.49916561     2184   141999 7 3 9 9
37.960000 -119.561250   0.01023634     2371   148580 0 3 9 9
37.926387 -119.950734   0.11111369     1385    95945 6 3 9 9
37.934609 -119.930442   0.01689618     1584   100003 0 3 9 9
37.895256 -119.767730   0.30902753     1961   112405 1 3 9 9
37.904612 -119.722936   0.51391996     2163   123898 1 3 9 9
37.895470 -119.681365   0.05054145     2320   131785 1 3 9 9
37.936250 -119.617500   0.00921568     1783   141977 0 3 9 9
37.844424 -119.777405   0.75015821     1977   112080 1 3 9 9
37.835485 -119.744577   0.10423465     2045   121022 1 3 9 9
37.780877 -119.768226   0.28269455     1914   113659 1 3 9 9
37.789782 -119.744092   0.08445966     1936   119679 1 3 9 9
38.190417 -119.893333   0.02380965     2461   132195 7 3 9 9
38.146312 -119.958587   0.45165428     2009   118849 1 3 9 9
38.156558 -119.906349   0.82791610     2239   124042 6 3 9 9
38.166090 -119.868782   0.08846270     2437   135103 6 3 9 9
38.121667 -119.944583   0.02315119     2098   122176 1 3 9 9
38.119026 -119.890798   0.04834716     2278   123240 6 3 9 9
37.942533 -119.582735   0.09707837     1730   143389 7 3 9 9
37.947532 -119.543027   0.16397614     2149   148426 7 3 9 9
37.920286 -119.699857   0.10924658     1863   128906 1 3 9 9
37.913149 -119.656332   0.29361252     1717   132076 1 3 9 9
37.926992 -119.598004   0.26986755     1551   139832 7 3 9 9
37.933175 -119.553481   0.03908606     1566   147780 7 3 9 9
37.776667 -119.750833   0.00461750     2066   120002 0 3 9 9
37.765983 -119.728357   0.03522751     2076   120188 1 3 9 9
38.152759 -120.095759   0.14551411     1627    90404 6 3 9 9
38.154980 -120.049677   0.08271700     1641    95328 6 3 9 9
38.105209 -120.155538   0.06369314     1529    80925 6 3 9 9
38.098403 -120.091604   0.48088824     1654    85686 6 3 9 9
38.117398 -120.058608   0.02791789     1768    93500 6 3 9 9
38.049815 -120.132315   0.06134484     1574    77390 1 3 9 9
38.049995 -120.112520   0.14142919     1636    77576 1 3 9 9
38.013333 -120.000833   0.01091082     1658   102665 0 3 9 9
38.019242 -119.966999   0.39140403     1814   102595 6 3 9 9
38.036282 -119.930481   0.08861665     2004   112093 6 3 9 9
37.970264 -120.007324   0.13579147     1480    95066 1 3 9 9
37.986403 -119.987774   0.15757460     1630   100537 6 3 9 9
37.906667 -120.045000   0.17073015     1237    81142 6 3 9 9
38.211113 -119.952520   0.07566599     2103   108843 6 3 9 9
38.198119 -119.909396   0.08672077     2473   113659 1 3 9 9
38.143042 -120.018544   0.28249779     1900    97897 1 3 9 9
38.172198 -119.973664   0.36251049     2032   104170 1 3 9 9
38.154355 -119.915111   0.09511049     2306   113697 1 3 9 9
38.078327 -120.068609   0.10203720     1704    90947 1 3 9 9
38.095552 -120.042645   0.53998539     1801    93014 1 3 9 9
38.085446 -119.954360   0.35411257     2061   112809 1 3 9 9
38.103895 -119.920727   0.37474944     2207   115966 1 3 9 9
38.057663 -120.071515   0.02572747     1685   107664 1 3 9 9
38.053946 -120.049098   0.10206474     1698   106382 1 3 9 9
38.061250 -119.952917   0.01891108     2020   112486 0 3 9 9
38.061250 -119.936250   0.00153333     1932   115573 0 3 9 9
38.224131 -119.758958   0.03910773     2879   151935 10 16 9 9
38.213903 -119.723055   0.30318934     2897   152638 9 16 9 9
38.202420 -119.657920   0.36656724     2928   160324 9 16 9 9
38.190417 -119.617500   0.01581585     3028   165284 10 16 9 9
38.135106 -119.754707   0.04833847     2443   146397 9 16 9 9
38.149725 -119.714277   0.67232384     2600   142013 10 16 9 9
38.156250 -119.656250   0.95708609     2815   143371 10 16 9 9
38.153105 -119.597286   0.79215799     2945   153571 10 16 9 9
38.135291 -119.533488   0.28095064     3098   158992 10 16 9 9
38.136913 -119.490126   0.09376237     3076   164680 10 16 9 9
38.121667 -119.755000   0.01634202     2449   146243 9 16 9 9
38.104484 -119.712401   0.53640981     2602   136206 10 16 9 9
38.098242 -119.655999   0.81471146     2767   141708 10 16 9 9
38.094473 -119.593548   0.93410039     2779   149104 10 16 9 9
38.093750 -119.531250   0.95790580     2943   154134 10 16 9 9
38.090646 -119.472243   0.78349065     3009   161832 10 16 9 9
38.085540 -119.408844   0.65003393     3147   171577 10 16 9 9
38.075526 -119.370232   0.05671945     3138   182206 10 16 9 9
38.061250 -119.625833   0.00102222     2549   149730 0 16 9 9
38.034867 -119.580650   0.37749669     2744   145297 10 16 9 9
38.036081 -119.528392   0.67481629     2810   151331 10 16 9 9
38.031250 -119.468750   0.95872436     2926   160803 10 16 9 9
38.031250 -119.406250   0.95872436     2958   169707 10 16 9 9
38.027727 -119.349223   0.75567499     3050   174798 10 16 9 9
38.005000 -119.311250   0.00511483     3481   183570 0 16 9 9
37.989936 -119.506763   0.07094545     2912   157262 7 16 9 9
37.980428 -119.464378   0.51665409     2929   158413 10 16 9 9
37.971584 -119.409335   0.82649488     2775   165095 6 16 9 9
37.969025 -119.344430   0.84763075     3122   173302 7 16 9 9
37.947684 -119.305010   0.03190968     3460   181189 10 16 9 9
37.879724 -119.711692   0.10312407     2212   124716 1 16 9 9
37.888687 -119.651884   0.38591264     2375   131824 1 16 9 9
37.897625 -119.591743   0.54739001     2506   140797 6 16 9 9
37.898879 -119.532812   0.46766516     2740   148058 7 16 9 9
37.899514 -119.466548   0.73267252     2630   157610 7 16 9 9
37.903416 -119.411488   0.73259329     2621   164315 7 16 9 9
37.921361 -119.347453   0.37301294     3036   172887 7 16 9 9
37.917505 -119.288299   0.33560517     3215   184961 7 16 9 9
37.860000 -119.755000   0.04100102     2123   123943 1 16 9 9
37.844755 -119.715609   0.85698509     2234   122827 1 16 9 9
37.843750 -119.656250   0.61405658     2471   129948 6 16 9 9
37.843750 -119.593750   0.14828401     2584   141852 6 16 9 9
37.843750 -119.531250   0.00905309     3005   164964 6 16 9 9
37.843750 -119.468750   0.14285464     2821   164664 7 16 9 9
37.841461 -119.407753   0.33811212     2908   169524 6 16 9 9
37.834625 -119.345311   0.56821317     3038   175440 10 16 9 9
37.842313 -119.276328   0.50155993     3224   184918 6 16 9 9
37.836734 -119.235080   0.35865853     3395   191729 10 16 9 9
37.786189 -119.709697   0.26965147     2232   122680 1 16 9 9
37.781253 -119.346343   0.10788971     3180   187558 10 16 9 9
37.783153 -119.280425   0.65549457     3234   188453 10 16 9 9
37.793289 -119.232315   0.31890322     3360   193446 10 16 9 9
37.721141 -119.294881   0.01180579     3607   198763 9 16 9 9
38.236326 -119.841268   0.00374083     2684   143905 10 3 9 9
38.229722 -119.788913   0.01768287     2732   147330 7 3 9 9
38.233564 -119.655590   0.07547768     3039   167006 10 3 9 9
38.238726 -119.616164   0.00016998     3254   170046 7 3 9 9
38.074522 -119.351821   0.15806685     3347   183139 10 3 9 9
38.043357 -119.324077   0.18081215     3191   181391 10 3 9 9
38.032500 -119.311250   0.01704526     3505   183577 0 3 9 9
37.922500 -119.266310   0.01451007     3177   190710 0 3 9 9
37.896045 -119.228876   0.19618296     3405   190895 7 3 9 9
37.764935 -119.296021   0.09065921     3546   195536 9 3 9 9
37.712935 -119.267514   0.04380510     3664   198840 9 3 9 9
38.011250 -119.908810   0.09547108     1450   116778 0 14 9 9
38.000833 -119.839167   0.00341021     1689   117577 0 14 9 9
37.989118 -119.902843   0.11596872     1458   112246 7 14 9 9
37.989043 -119.858056   0.09209336     1457   112732 0 14 9 9
37.836096 -120.385154   0.04614111      294    24692 7 14 9 9
37.839167 -120.353056   0.05126577      274    30122 0 14 9 9
37.788163 -120.399366   0.16313702      263    12604 7 14 9 9
37.773706 -120.364432   0.16351225      257    13564 7 14 9 9
37.724698 -120.395004   0.41692541      252     5746 0 14 9 9
37.714906 -120.366777   0.13419970      251    11450 0 14 9 9
37.650020 -120.283679   0.00154148      422    21923 7 14 9 9
