36.263616 -118.827512   0.77853231      960    36013 6 3 14 14
36.264501 -118.784091   1.70915890      921    35965 10 3 14 14
36.254282 -118.745374   0.07964177     1375    38410 6 3 14 14
36.190417 -118.880833   0.02061444      770    20904 0 3 14 14
36.215656 -118.835783   2.68867987      652    29500 8 3 14 14
36.219885 -118.782109   3.69615936      707    27449 7 3 14 14
36.219831 -118.741088   0.64840188     1188    33511 7 3 14 14
36.149093 -118.897939   2.06387779      367     8318 11 3 14 14
36.159971 -118.844937   2.63086178      569    11339 11 3 14 14
36.154498 -118.777474   1.56678598      539    22649 7 3 14 14
36.155833 -118.739621   0.75615517     1019    28513 6 3 14 14
36.118840 -118.900415   0.52070354      263     6382 11 3 14 14
36.097909 -118.840992   1.98400622      286     7190 8 3 14 14
36.090229 -118.784644   2.69013368      668    15059 7 3 14 14
36.072303 -118.707766   0.83191050     1161    28705 7 3 14 14
36.070385 -118.678510   0.28972450     1470    34438 6 3 14 14
36.022443 -118.822514   0.39940314      525    13595 8 3 14 14
36.039273 -118.786271   2.16874479      636    15608 7 3 14 14
36.049680 -118.714793   1.42576203      914    26429 7 3 14 14
36.054089 -118.679309   0.24711294     1423    34284 1 3 14 14
35.987667 -118.824417   0.40714732      660    17919 8 3 14 14
35.973701 -118.775516   0.66422871      993    19562 7 3 14 14
35.964167 -118.746667   0.05513028     1171    29884 7 3 14 14
36.250833 -118.847500   0.03432718     1054    36691 0 3 14 14
36.190417 -118.875833   0.00893305      796    20981 0 3 14 14
36.236818 -118.853022   0.22732014      946    20795 10 3 14 14
36.190417 -118.764167   0.14430130      774    29184 0 3 14 14
36.171850 -118.879719   0.26532480      439    15704 11 3 14 14
36.148331 -118.841223   1.23613390      524    13106 11 3 14 14
36.157837 -118.784621   2.23826968      679    19756 7 3 14 14
36.091629 -118.947140   0.25938880      300     4614 11 3 14 14
36.076124 -118.927201   0.35647044      244      316 8 3 14 14
36.088145 -118.834660   1.19381743      381     7660 8 3 14 14
36.105210 -118.804185   0.38866022      524    15407 7 3 14 14
36.033598 -118.883106   0.18867954      356        0 11 3 14 14
36.030998 -118.848975   1.98511708      388     8478 11 3 14 14
36.042995 -118.793864   0.09569321      541    15330 0 3 14 14
36.024250 -118.733042   1.10180016      946    26074 7 3 14 14
35.993258 -118.845606   0.27969722      488    18398 8 3 14 14
35.996667 -118.735000   0.11021523     1275    28056 6 3 14 14
36.125833 -118.922500   0.01375431      252     8526 0 12 14 14
36.107452 -118.911714   0.95134645      225     4205 11 12 14 14
36.114167 -118.871667   0.05502540      242     9016 11 12 14 14
36.160000 -118.897500   0.12511215      429    11827 11 6 14 14
36.066231 -118.758209   0.11975348      878    23639 7 6 14 14
36.071590 -118.735772   0.30006306     1062    23863 6 6 14 14
36.043712 -118.884167   0.14663644      316     8664 11 6 14 14
36.031740 -118.838590   1.26280048      334     8069 8 6 14 14
36.021274 -118.774718   1.74616402      696    17187 7 6 14 14
36.018157 -118.712012   1.08391554     1071    26861 7 6 14 14
36.009167 -118.686250   0.04545658     1252    35879 0 6 14 14
35.996667 -118.815417   0.03857533      591    18405 0 6 14 14
35.989623 -118.772922   0.99638497      831    19207 11 6 14 14
35.984076 -118.728291   0.84601906     1315    27238 1 6 14 14
35.992500 -118.686250   0.03719961     1377    36758 0 6 14 14
36.329595 -118.786470   0.08643707     1682    44114 6 6 14 14
36.293752 -118.834408   0.45643890     1432    38132 7 6 14 14
36.292501 -118.782208   1.56605819     1373    39823 6 6 14 14
36.275278 -118.746667   0.16473689     1309    42338 1 6 14 14
36.084096 -118.634122   0.76656564     1689    41596 1 6 14 14
36.085216 -118.615331   0.89849658     1920    45847 1 6 14 14
36.014518 -118.708048   0.26170190     1244    30331 7 6 14 14
36.030170 -118.655027   3.44951646     1397    34837 1 6 14 14
36.035034 -118.618593   0.39862951     1859    43910 1 6 14 14
35.986529 -118.709964   0.70955540     1577    31728 1 6 14 14
35.983794 -118.653550   1.44072768     1836    37113 1 6 14 14
35.976970 -118.614462   0.14190638     2119    44236 1 6 14 14
36.081195 -118.887606   1.02808685      247     1543 11 12 14 14
36.089535 -118.866960   0.63704033      263     6334 11 12 14 14
36.052505 -118.889447   0.35798268      374     1505 11 12 14 14
36.057083 -118.867500   0.16106621      227     6596 11 12 14 14
36.022846 -118.581739   0.05369529     2495    49164 1 3 14 14
36.294722 -118.750833   0.04117655     1864    42552 0 3 14 14
36.281624 -118.727526   2.09612375     1645    39120 1 3 14 14
36.250833 -118.677917   0.03158445     2126    45933 0 3 14 14
36.214191 -118.750833   0.02335597      966    33757 0 3 14 14
36.218532 -118.714245   3.21544868     1531    33888 1 3 14 14
36.213200 -118.671137   1.70950441     1787    38202 1 3 14 14
36.190417 -118.621667   0.03848035     2021    46681 1 3 14 14
36.143194 -118.754907   0.06187967      761    25889 0 3 14 14
36.156351 -118.713676   3.24833146     1187    28273 6 3 14 14
36.162900 -118.662406   2.50273826     1541    36515 1 3 14 14
36.164793 -118.606612   1.12999775     2026    45280 1 3 14 14
36.106127 -118.758484   0.67144284     1126    20792 6 3 14 14
36.102693 -118.720222   2.73803510     1548    22945 1 3 14 14
36.098235 -118.660706   2.74782036     1796    35595 1 3 14 14
36.061250 -118.664167   0.02064842     1353    41989 0 3 14 14
36.262479 -118.638654   0.42838315     2460    49883 1 1 14 14
36.282129 -118.590436   0.14623882     2637    51094 6 1 14 14
36.246667 -118.625833   0.01098648     2284    49768 1 1 14 14
36.246667 -118.617500   0.09887835     2295    49844 1 1 14 14
36.321217 -118.667435   0.22637598     2692    52874 1 3 14 14
36.279191 -118.663406   1.50294857     2255    49189 1 3 14 14
36.223034 -118.644530   2.14309275     1727    41181 1 3 14 14
36.209858 -118.592412   0.84902615     2198    46319 1 3 14 14
36.175549 -118.597689   0.27151883     2446    47108 1 3 14 14
36.095607 -118.586881   1.75423358     2336    47163 1 3 14 14
36.077228 -118.553930   0.00619144     2609    56344 1 3 14 14
36.057083 -118.573750   0.06194758     2557    49899 1 3 14 14
36.144046 -118.644953   1.36411142     1446    39464 1 3 14 14
36.138759 -118.609422   0.80863021     1553    44779 1 3 14 14
36.121667 -118.630000   0.06602417     1667    45178 1 3 14 14
36.121667 -118.617500   0.09903626     1564    46153 1 3 14 14
36.258056 -118.589167   0.02197078     2684    51602 1 3 14 14
36.225444 -118.593611   0.70124063     2371    47521 1 3 14 14
36.142304 -118.576957   0.93783804     1878    49038 1 3 14 14
36.133194 -118.543611   0.23103049     2089    52889 1 3 14 14
36.094882 -118.583503   0.59580119     2159    46904 1 3 14 14
36.091741 -118.528217   0.36797670     2152    53551 6 3 14 14
36.017292 -118.628958   0.11019381     1922    42629 1 3 14 14
36.037260 -118.606550   1.17521565     2147    43610 1 3 14 14
36.326292 -118.759542   0.17835612     2134    44884 1 3 14 14
36.340599 -118.715398   0.65152157     2333    47840 1 3 14 14
36.346854 -118.667560   0.20510791     2627    51778 1 3 14 14
36.305202 -118.765685   0.34033315     1909    42315 1 3 14 14
36.282794 -118.702230   1.52049717     2045    42939 6 3 14 14
36.282083 -118.682083   0.65134024     2477    46118 1 3 14 14
36.173288 -118.575365   0.43988501     2441    51793 1 3 14 14
36.162035 -118.539282   0.79536620     2326    53397 1 3 14 14
36.106677 -118.526504   0.08665751     2241    56213 1 3 14 14
36.345785 -118.652074   0.21266400     2838    58009 6 16 14 14
36.290518 -118.639618   0.82007732     2762    51656 6 16 14 14
36.297257 -118.609319   0.03157944     2903    51788 6 16 14 14
36.097500 -118.940417   0.04815744      205     4976 0 14 14 14
36.085182 -118.909283   0.96329183      202      540 0 14 14 14
36.061250 -118.914167   0.01583090      210      502 0 14 14 14
