36.625833 -118.972500   0.00954505     1087    48991 0 3 13 13
36.601425 -118.957769   0.32797496     1078    33539 7 3 13 13
36.565417 -118.932083   0.04346401     1064    33654 7 3 13 13
36.530599 -118.948155   0.76887007      853    26010 6 3 13 13
36.541447 -118.928073   0.39413242      899    23642 6 3 13 13
36.481317 -118.953350   0.66271551      786     7527 7 3 13 13
36.492500 -118.936250   0.02581616      677    22747 0 3 13 13
36.402121 -118.898536   1.43770145      519    10038 7 3 13 13
36.387482 -118.839460   0.52943720      842    17956 10 3 13 13
36.384457 -118.806540   0.11011048     1300    26952 7 3 13 13
36.343477 -118.963032   0.66679266      522    10322 8 3 13 13
36.350099 -118.909244   2.02654190      692    10300 8 3 13 13
36.347184 -118.841586   1.55333033      998    20964 7 3 13 13
36.339167 -118.804641   0.13890903     1236    28218 1 3 13 13
36.263616 -118.827512   0.01437580     1177    30432 6 3 13 13
36.500833 -118.930833   0.00956051      619    23456 0 3 13 13
36.504781 -118.831711   0.18162810      914    27838 7 3 13 13
36.456441 -118.978247   0.51944659      623     3362 8 3 13 13
36.466225 -118.905350   2.17794424      473    13211 7 3 13 13
36.470199 -118.848010   1.91563182      596    19915 7 3 13 13
36.465729 -118.807865   0.07651652     1051    28719 7 3 13 13
36.401667 -119.000833   0.00574330      211      633 0 3 13 13
36.403985 -118.964161   1.80212209      419      710 7 3 13 13
36.408554 -118.913730   1.12561223      526     8165 6 3 13 13
36.414555 -118.854017   1.08537307      828    17039 7 3 13 13
36.379330 -118.793709   0.13690572     1284    27237 6 3 13 13
36.358343 -118.957992   0.65086786      425     9427 7 3 13 13
36.371667 -118.936250   0.01149172      422    10022 0 3 13 13
36.359882 -118.822912   0.32373525      950    25092 6 3 13 13
36.360175 -118.795165   0.72027212     1094    27361 6 3 13 13
36.568872 -118.920264   0.19581390      910    34849 7 6 13 13
36.511447 -118.951031   0.06213257      838    26195 10 6 13 13
36.527862 -118.908150   1.78719614      654    23341 7 6 13 13
36.458643 -118.964324   0.96276829      707     3362 7 6 13 13
36.478512 -118.909210   0.47869530      596    13211 7 6 13 13
36.426515 -118.977054   0.26794926      418     1304 0 6 13 13
36.432223 -118.926987   0.12870415      396    11105 7 6 13 13
36.388841 -118.856037   0.39254238      659    19292 8 6 13 13
36.371667 -118.864167   0.03830574      685    20964 7 6 13 13
36.699578 -118.945411   0.23268860     1622    57987 1 6 13 13
36.707444 -118.930493   0.32036522     1861    58619 1 6 13 13
36.655937 -118.951209   1.04679745     1420    46878 1 6 13 13
36.647217 -118.918715   1.23788132     1532    44724 1 6 13 13
36.599177 -118.947112   0.63267914     1085    33539 7 6 13 13
36.595954 -118.907148   2.20961167     1036    34936 7 6 13 13
36.575118 -118.857869   0.50902028     1285    35536 6 6 13 13
36.561250 -118.947500   0.00907536     1184    33223 0 6 13 13
36.535929 -118.881635   0.49699328      784    27854 10 6 13 13
36.532372 -118.845684   2.41492414     1140    27876 6 6 13 13
36.515275 -118.796624   0.64799676      854    30493 7 6 13 13
36.496667 -118.875833   0.00764882      924    28704 0 6 13 13
36.465164 -118.833208   0.77429218      885    24482 7 6 13 13
36.468208 -118.784776   2.22607021     1237    28643 7 6 13 13
36.449767 -118.707562   0.74088536     1816    41078 1 6 13 13
36.467772 -118.673946   0.64128392     2209    48370 1 6 13 13
36.417568 -118.823753   0.68487556     1287    22178 6 6 13 13
36.405860 -118.783799   1.40667185     1611    26991 6 6 13 13
36.422989 -118.724065   0.74704186     1592    41534 1 6 13 13
36.436250 -118.686250   0.00430582     1719    48408 0 6 13 13
36.323616 -118.847795   0.40341890     1213    25872 6 6 13 13
36.329595 -118.786470   0.86473405     1496    30263 6 6 13 13
36.293752 -118.834408   0.65515531     1431    29892 7 6 13 13
36.292501 -118.782208   0.14233204     1543    32586 6 6 13 13
36.331272 -118.949554   0.25822060      517    13748 8 12 13 13
36.322500 -118.936250   0.01341563      717    16580 0 12 13 13
36.723651 -118.902458   0.74898159     2038    55456 1 3 13 13
36.664272 -118.888767   0.76040651     2001    48026 6 3 13 13
36.656184 -118.845767   1.77272934     1984    48466 1 3 13 13
36.649062 -118.807865   0.07633519     2117    57331 1 3 13 13
36.621667 -118.875833   0.00763645     1407    48243 0 3 13 13
36.618690 -118.856190   0.24057319     1738    43443 1 3 13 13
36.568457 -118.712502   0.33379485     2053    46478 1 3 13 13
36.565417 -118.673750   0.11033171     2061    50878 6 3 13 13
36.539167 -118.763611   0.43004438     1476    38054 6 3 13 13
36.539120 -118.721785   1.77787810     1509    39991 1 3 13 13
36.540412 -118.664918   0.80696318     1713    48440 1 3 13 13
36.459445 -118.754882   0.23628288     1550    37645 6 3 13 13
36.470432 -118.737660   0.63886810     1725    39141 1 3 13 13
36.421133 -118.778476   0.78766684     1421    29519 6 3 13 13
36.427266 -118.742760   0.18373329     1302    40330 6 3 13 13
36.694583 -118.819583   0.13017393     2450    59166 6 1 13 13
36.709003 -118.778197   0.16306057     2705    59952 6 1 13 13
36.675187 -118.816231   0.12448704     2324    58249 7 1 13 13
36.661815 -118.778343   1.94973013     2511    48702 7 1 13 13
36.660149 -118.724459   1.17883249     2738    50512 6 1 13 13
36.675924 -118.658896   0.00286352     2895    55490 6 1 13 13
36.612332 -118.758714   0.24630313     2261    46408 6 1 13 13
36.618593 -118.710922   0.29116584     2511    48498 7 1 13 13
36.617500 -118.686250   0.02577443     2782    54534 0 1 13 13
36.337957 -118.579667   0.00526735     3134    56905 6 1 13 13
36.694583 -118.875833   0.01621318     2311    60108 0 3 13 13
36.711803 -118.839607   0.51204559     2322    58565 6 3 13 13
36.733968 -118.785619   0.00429094     2594    61550 6 3 13 13
36.686250 -118.875833   0.00286127     2325    60038 0 3 13 13
36.684273 -118.846575   0.13072558     2283    57255 0 3 13 13
36.690417 -118.880833   0.03337967     2339    59028 0 3 13 13
36.680809 -118.879657   0.08107649     2346    56699 1 3 13 13
36.668514 -118.864964   0.21941457     2194    52432 1 3 13 13
36.442702 -118.583522   0.14829176     2741    60833 6 3 13 13
36.410749 -118.576119   0.79006577     3019    62437 10 3 13 13
36.403730 -118.557363   0.17609173     3316    66064 10 3 13 13
36.321217 -118.667435   0.08623680     2746    47826 1 3 13 13
36.697140 -118.919280   0.20979046     1913    55587 1 3 13 13
36.661250 -118.906429   0.60106184     1682    46916 1 3 13 13
36.637955 -118.837146   0.31492831     2017    52301 1 3 13 13
36.598194 -118.881736   0.22918123     1247    39023 6 3 13 13
36.594733 -118.842722   1.59895735     1658    39349 1 3 13 13
36.568581 -118.804778   0.13897941     1649    39304 1 3 13 13
36.554226 -118.816529   0.09124235     1618    36958 1 3 13 13
36.530473 -118.782738   1.28682505     1173    33085 6 3 13 13
36.505000 -118.746667   0.04588798     1309    40978 0 3 13 13
36.492816 -118.757057   0.15108054     1608    37275 1 3 13 13
36.486761 -118.743129   0.20271408     1678    41039 1 3 13 13
36.378958 -118.764167   0.07659593     1834    32877 7 3 13 13
36.360045 -118.762682   0.52678925     1423    31960 7 3 13 13
36.355032 -118.736891   0.49809347     1580    35347 1 3 13 13
36.714167 -118.878958   0.03956960     2364    60016 1 16 13 13
36.724288 -118.846307   0.16017451     2366    60332 6 16 13 13
36.632854 -118.818205   0.12121372     2098    55896 1 3 13 13
36.632138 -118.790138   0.47046976     2323    47475 6 3 13 13
36.629679 -118.734038   0.12407302     2456    50643 7 3 13 13
36.599417 -118.818427   0.33710436     1853    42966 1 3 13 13
36.593280 -118.782242   2.30041187     2016    39566 1 3 13 13
36.593395 -118.723562   1.85056168     2354    45245 1 3 13 13
36.575490 -118.657973   0.85197355     2561    51604 7 3 13 13
36.565417 -118.613333   0.09361478     2261    57913 1 3 13 13
36.555851 -118.767968   0.32296061     1957    38377 1 3 13 13
36.516447 -118.711022   0.86409195     1959    42081 1 3 13 13
36.527319 -118.652530   1.88085832     2025    48849 1 3 13 13
36.532255 -118.616507   0.69752530     2232    56557 6 3 13 13
36.477179 -118.710861   1.10747354     2291    41039 1 3 13 13
36.470636 -118.651394   1.94173124     2391    48725 1 3 13 13
36.463345 -118.616557   0.53269835     2606    56966 6 3 13 13
36.389020 -118.754954   0.17425962     2015    35038 1 3 13 13
36.396957 -118.713990   1.76145328     2240    36188 1 3 13 13
36.401877 -118.664446   1.62727035     2547    44413 1 3 13 13
36.415236 -118.611341   0.02201345     2857    59901 0 3 13 13
36.326292 -118.759542   0.25870174     1955    34159 1 3 13 13
36.340599 -118.715398   1.67414498     2096    35555 1 3 13 13
36.346854 -118.667560   0.34098708     2712    43234 1 3 13 13
36.366134 -118.618593   0.11683801     2910    52610 6 3 13 13
36.648466 -118.700894   0.39840896     3066    54462 7 16 13 13
36.646317 -118.654646   0.47804695     3240    55675 10 16 13 13
36.655517 -118.592806   0.02147504     3377    62859 10 16 13 13
36.602614 -118.697140   0.21006097     2677    51879 6 16 13 13
36.604391 -118.653793   1.69775631     3065    53956 7 16 13 13
36.594773 -118.593043   1.97570921     2940    57874 9 16 13 13
36.593750 -118.531250   0.50137620     3342    65336 9 16 13 13
36.532644 -118.584651   1.82388723     2903    58302 7 16 13 13
36.531250 -118.531250   0.12945647     3307    64428 10 16 13 13
36.440417 -118.638333   0.10716119     2661    54247 0 16 13 13
36.479644 -118.580084   0.71389395     3002    58085 10 16 13 13
36.469023 -118.530646   0.36822047     3322    64683 7 16 13 13
36.412837 -118.643553   1.06060934     2862    50907 6 16 13 13
36.402658 -118.605430   1.46637996     3117    56417 6 16 13 13
36.406905 -118.527704   0.10957345     3443    66227 10 16 13 13
36.360000 -118.690417   0.06704509     2294    42816 0 16 13 13
36.345785 -118.652074   1.81727411     2671    43541 6 16 13 13
36.343667 -118.605458   1.04604668     2905    52409 6 16 13 13
36.290518 -118.639618   0.02491896     2955    55278 6 16 13 13
36.297257 -118.609319   0.00670873     3028    55656 6 16 13 13
36.504679 -118.602628   0.12427442     2757    59146 11 3 13 13
36.467779 -118.593263   1.27639986     2787    58788 6 3 13 13
36.455169 -118.561250   0.05309148     3301    64530 0 3 13 13
36.436250 -118.584289   0.02439962     2949    62437 0 3 13 13
36.436250 -118.561250   0.00430582     3501    65949 0 3 13 13
36.418333 -119.000833   0.01770696      228      185 0 14 13 13
36.408506 -118.970645   0.50587198      232      371 0 14 13 13
