37.250833 -119.634167   0.00705365     1066    40423 0 3 11 11
37.250833 -119.609167   0.01218358      927    40500 0 3 11 11
37.215806 -119.644167   0.46287722      700    31475 6 3 11 11
37.217807 -119.596303   0.76642953      688    31383 7 3 11 11
37.203193 -119.525281   0.36008634      791    39407 7 3 11 11
37.204547 -119.486790   0.23031630      786    67190 7 3 11 11
37.190417 -119.410000   0.04492284     1277    68635 6 3 11 11
37.131500 -119.719167   0.06534010      429    23863 7 3 11 11
37.160126 -119.654064   0.69533167      531    22303 7 3 11 11
37.148049 -119.603785   0.37574933      641    25869 7 3 11 11
37.160437 -119.524616   0.67082002      535    36610 7 3 11 11
37.156320 -119.469563   0.87315132      623    49048 7 3 11 11
37.162636 -119.411340   0.55209101      738    63019 7 3 11 11
37.166548 -119.363333   0.08987407      761    72424 6 3 11 11
37.112576 -119.705906   0.18053016      397    20776 7 3 11 11
37.091451 -119.654426   0.67248393      321    12221 7 3 11 11
37.092980 -119.593218   0.86893836      507    17065 7 3 11 11
37.092375 -119.530388   0.86120283      543    25578 7 3 11 11
37.093372 -119.478589   0.60237572      634    37159 7 3 11 11
37.022500 -119.694583   0.02733511      213     2553 8 3 11 11
37.037142 -119.652956   0.43183976      298     2937 7 3 11 11
37.044015 -119.601771   0.38503624      341     9855 7 3 11 11
37.051879 -119.525511   0.25513178      485    25856 7 3 11 11
37.041214 -119.466289   0.54707923      606    34644 7 3 11 11
37.028348 -119.425861   0.16318118      673    43155 7 3 11 11
36.996667 -119.642500   0.05276082      261     5618 11 3 11 11
36.996667 -119.621667   0.00932932      363     9817 0 3 11 11
37.000833 -119.697500   0.00321681      173      447 0 3 11 11
37.000833 -119.672500   0.00965044      194     2301 0 3 11 11
36.993167 -119.694194   0.01560305      182      447 8 3 11 11
36.994032 -119.675867   0.05340668      194     2377 11 3 11 11
37.258391 -119.648081   0.13368266      983    40871 6 6 11 11
37.246667 -119.655833   0.03847662      832    40484 0 6 11 11
37.192702 -119.589167   0.04973165      561    34591 0 6 11 11
37.142240 -119.699206   0.15267838      477    24125 7 6 11 11
37.142082 -119.660447   0.20482381      458    22003 7 6 11 11
37.162096 -119.586596   0.52710511      657    30481 6 6 11 11
37.144148 -119.550421   0.23211148      530    35329 7 6 11 11
37.121667 -119.690417   0.00899274      404    22466 0 6 11 11
37.119280 -119.650206   0.13235410      435    19635 7 6 11 11
37.113025 -119.607083   0.03469025      436    20028 6 6 11 11
37.121667 -119.548750   0.04239435      441    34156 6 6 11 11
37.024744 -119.640256   0.16721389      281     6429 7 6 11 11
37.020021 -119.610363   0.11432777      387    10635 7 6 11 11
36.996667 -119.614167   0.00836411      426    10673 0 6 11 11
37.390208 -119.568368   0.02496307     1656    97621 1 6 11 11
37.397609 -119.531371   0.46399344     1904    93651 1 6 11 11
37.389167 -119.496667   0.01280124     2237    94846 1 6 11 11
37.338392 -119.576929   0.27334451     1136    88350 6 6 11 11
37.330559 -119.539396   0.31562712     1239    85604 6 6 11 11
37.279008 -119.577558   0.11185260     1071    41535 6 6 11 11
37.277203 -119.528711   0.61037883     1040    48304 6 6 11 11
37.262570 -119.481643   0.18204260     1232    75614 6 6 11 11
37.254199 -119.316779   0.01667117     1031    87962 6 6 11 11
37.258852 -119.302391   0.07629988     1499    88927 1 6 11 11
37.242220 -119.573641   0.08594302      911    40401 7 6 11 11
37.229083 -119.535214   0.54204929      882    39838 7 6 11 11
37.240203 -119.468550   0.24437476     1145    73240 6 6 11 11
37.214179 -119.319762   0.18367877     1058    79969 6 6 11 11
37.213996 -119.287872   0.38567288     1449    84073 6 6 11 11
37.126640 -119.393306   0.01990942     1005    72402 0 6 11 11
37.154067 -119.336320   0.41042547     1413    73265 6 6 11 11
37.175144 -119.297822   0.17798257     1674    81676 1 6 11 11
37.089167 -119.440417   0.01124575     1222    59977 6 6 11 11
37.095691 -119.404385   0.76787475     1188    44187 6 6 11 11
37.095229 -119.350462   0.66694991     1395    74639 6 6 11 11
37.071381 -119.275431   0.00481961     1742    87709 6 6 11 11
37.038087 -119.378522   0.00096427     1364    83210 0 6 11 11
37.042590 -119.345676   0.00482148     1524    82571 6 6 11 11
37.025931 -119.699485   0.02138537      240     3001 11 4 11 11
37.038080 -119.677917   0.03649309      335     5043 0 4 11 11
37.262976 -119.629405   0.02244048     1168    44159 6 6 11 11
37.272158 -119.589562   0.40869737     1120    41404 6 6 11 11
37.278845 -119.555047   0.14100068     1261    49416 6 6 11 11
37.472769 -119.604054   0.00911458     1893   108384 1 3 11 11
37.443485 -119.547094   0.07834724     1890   107898 1 3 11 11
37.410387 -119.566475   0.05136626     1664    96557 1 3 11 11
37.413091 -119.541430   0.29254905     1723    93258 1 3 11 11
37.377572 -119.478460   0.03679494     2046    92418 1 3 11 11
37.375833 -119.436250   0.00096026     2155    95518 0 3 11 11
37.363920 -119.570185   0.07988103     1410    92044 1 3 11 11
37.352278 -119.525868   0.56262152     1606    83539 1 3 11 11
37.352166 -119.474392   0.56770016     1806    83639 1 3 11 11
37.367500 -119.436250   0.00864333     2166    94840 0 3 11 11
37.297202 -119.508328   0.09228153     1234    80159 6 3 11 11
37.284273 -119.470788   0.54224644     1575    76928 1 3 11 11
37.267240 -119.432474   0.01025762     1738    78887 0 3 11 11
37.257723 -119.343780   0.16283866     1321    87630 6 3 11 11
37.215707 -119.378007   0.03689701     1294    80417 6 3 11 11
37.219720 -119.349485   0.70566216     1102    77486 7 3 11 11
37.129199 -119.441779   0.01669879      828    59709 0 3 11 11
37.145412 -119.398281   0.31496339      896    64061 6 3 11 11
37.164080 -119.357220   0.41150369     1052    72910 7 3 11 11
37.094713 -119.449408   0.28996424      956    42097 7 3 11 11
37.086215 -119.418147   0.11101430     1228    43717 7 3 11 11
37.058116 -119.442173   0.01944759      894    41835 0 3 11 11
37.049532 -119.415469   0.09386867     1064    43755 7 3 11 11
37.286889 -119.447035   0.14324801     1858    77327 1 3 11 11
37.275526 -119.428037   0.19968145     1867    77698 1 3 11 11
37.242500 -119.440417   0.02020132     1599    75924 0 3 11 11
37.244988 -119.433016   0.02148293     1719    76487 1 3 11 11
37.206091 -119.283855   0.23162775     1385    84351 6 3 11 11
37.202917 -119.242500   0.10683209     1687    92244 1 3 11 11
37.137437 -119.322608   0.11945254     1690    77758 1 3 11 11
37.153840 -119.275132   0.64465375     1800    81807 1 3 11 11
37.154952 -119.243272   0.15246626     1954    90346 1 3 11 11
37.089177 -119.323005   0.17944703     1722    79493 1 3 11 11
37.097214 -119.281576   0.42485491     1734    85488 1 3 11 11
37.087666 -119.232013   0.16334664     1828    90193 1 3 11 11
37.315417 -119.389167   0.01121209     1681   100183 6 3 11 11
37.276506 -119.390813   0.39582694     1714    79286 1 3 11 11
37.278440 -119.356330   0.30125733     1395    90298 1 3 11 11
37.212727 -119.460073   0.40725507     1041    68040 6 3 11 11
37.219777 -119.406623   0.79883481     1507    68257 1 3 11 11
37.230833 -119.371667   0.01282822     1392    89119 1 3 11 11
37.186250 -119.448750   0.01299625     1033    67554 0 3 11 11
37.186250 -119.403548   0.01588431     1264    67903 0 3 11 11
37.533600 -119.470379   0.05351525     2588   132205 6 3 11 11
37.535000 -119.432514   0.07809781     2467   131339 1 3 11 11
37.472172 -119.529498   0.15828811     2111   109649 1 3 11 11
37.491260 -119.491260   0.01166684     2652   117009 6 3 11 11
37.453763 -119.092812   0.20463637     2658   135803 6 3 11 11
37.440417 -119.000833   0.00223868     2852   169663 0 3 11 11
37.443994 -118.966869   0.06331975     2955   169510 7 3 11 11
37.436250 -119.522500   0.00959489     1928   109186 0 3 11 11
37.420278 -119.087325   0.33110761     2463   138881 1 3 11 11
37.404457 -119.028903   0.64953865     2621   144914 6 3 11 11
37.411072 -118.974818   0.58545443     2687   161386 6 3 11 11
37.319583 -119.250833   0.00544557     1965   112141 0 3 11 11
37.328029 -119.217688   0.33407391     2134   112326 1 3 11 11
37.332499 -119.153746   0.44580930     2466   120654 6 3 11 11
37.326204 -119.098031   0.30347903     2347   129641 1 3 11 11
37.352628 -119.025956   0.15481549     2309   151472 7 3 11 11
37.342822 -118.962326   0.40877250     2558   157506 7 3 11 11
37.337046 -118.926048   0.20030789     3016   166966 10 3 11 11
37.265317 -119.258656   0.12021351     2468    95673 1 3 11 11
37.272194 -119.223701   0.45194621     2526   101563 1 3 11 11
37.300892 -119.151890   0.11311623     2598   106711 6 3 11 11
37.307595 -119.106150   0.06647671     2628   129679 6 3 11 11
37.306729 -119.040751   0.09594504     2444   155323 1 3 11 11
37.296604 -118.948758   0.17481397     2456   161750 7 3 11 11
37.280867 -118.911858   0.44691383     3003   166735 10 3 11 11
37.259518 -118.867325   0.06091165     3061   182676 10 3 11 11
37.245901 -119.258316   0.03142362     2335   101132 1 3 11 11
37.217554 -119.206437   0.30523257     2248    94181 1 3 11 11
37.212001 -119.160204   0.64551225     2424   100307 6 3 11 11
37.195302 -119.114626   0.06513531     2815   109118 6 3 11 11
37.246667 -118.864167   0.01282553     2872   184271 10 3 11 11
37.180833 -119.250833   0.00320918     1762    92753 0 3 11 11
37.178667 -119.215374   0.20233957     2239    92938 1 3 11 11
37.161745 -119.150837   0.44023651     2449   100863 6 3 11 11
37.146758 -119.104329   0.07285197     2659   108625 6 3 11 11
37.380000 -119.125833   0.00384091     1950   139514 0 16 11 11
37.380896 -119.090354   0.08481454     2118   139236 6 16 11 11
37.382602 -119.053543   0.06816795     2302   149219 7 16 11 11
37.328475 -119.459780   0.32173887     1936    83562 1 16 11 11
37.323044 -119.415627   0.15869172     1974    85275 1 16 11 11
37.359167 -119.125833   0.01216604     2108   140802 0 16 11 11
37.354087 -119.091121   0.53791027     2066   140539 6 16 11 11
37.341907 -119.032349   0.74581589     2109   148973 6 16 11 11
37.329550 -118.987067   0.21073772     2232   157314 7 16 11 11
37.309453 -119.458663   0.03379967     1843    83284 0 16 11 11
37.291409 -119.412319   0.28665492     2000    80475 1 16 11 11
37.307243 -119.011580   0.05863744     2311   157020 1 16 11 11
37.282979 -118.970955   0.66952754     2342   160462 6 16 11 11
37.256845 -118.922099   0.10354538     2590   171727 10 16 11 11
37.242947 -118.955017   0.11961052     2398   171919 6 16 11 11
37.246065 -118.920920   0.05996120     2358   173383 6 16 11 11
37.569583 -119.375833   0.00542740     2912   150392 0 2 11 11
37.569049 -119.361303   0.08715425     2762   145723 6 2 11 11
37.540417 -119.375833   0.01692735     2933   128434 0 2 11 11
37.536503 -119.348368   0.58353208     2637   127753 6 2 11 11
37.527193 -119.262742   0.27218770     2153   126305 1 2 11 11
37.531910 -119.237916   0.29958080     2224   126059 1 2 11 11
37.483132 -119.323391   0.09269894     2155   120694 6 2 11 11
37.477234 -119.281351   0.56835664     2106   117060 6 2 11 11
37.492500 -119.246667   0.02301043     1856   124330 7 2 11 11
37.315417 -119.089167   0.01121209     2496   154889 6 2 11 11
37.259755 -119.132696   0.05449893     2416   108795 6 2 11 11
37.277976 -119.092314   0.31635089     2623   111255 6 2 11 11
37.280507 -119.029197   0.41597912     2789   122571 6 2 11 11
37.266890 -118.991606   0.13141497     2714   162376 6 2 11 11
37.213945 -119.082361   0.44511715     2716   113703 6 2 11 11
37.215781 -119.036936   0.56913342     2830   118768 6 2 11 11
37.217981 -118.966393   0.44279306     2803   130193 6 2 11 11
37.218511 -118.929563   0.09557855     2687   175128 6 2 11 11
37.173750 -119.077917   0.08809793     2841   112722 6 2 11 11
37.157597 -119.025274   0.10273932     2837   122833 6 2 11 11
37.153301 -118.965831   0.00385079     2991   130586 6 2 11 11
37.508136 -119.454477   0.03275217     2558   129242 6 1 11 11
37.531963 -119.421117   0.21674365     2490   129249 6 1 11 11
37.510417 -119.197523   0.05751290     1562   128542 1 1 11 11
37.526726 -119.153965   0.43446979     1978   129824 6 1 11 11
37.535000 -119.121667   0.02555259     2096   143055 6 1 11 11
37.471013 -119.512820   0.12437474     2379   112104 1 1 11 11
37.471405 -119.479159   0.34718042     2399   113184 1 1 11 11
37.446840 -119.378264   0.02302679     1596   117709 6 1 11 11
37.453509 -119.359759   0.22478049     1819   117693 6 1 11 11
37.440417 -119.250833   0.00223868     1400   116922 0 1 11 11
37.462564 -119.213777   0.64340988     1559   117053 6 1 11 11
37.459794 -119.163779   0.52828353     2004   125487 1 1 11 11
37.446536 -119.113478   0.09209604     2395   133751 1 1 11 11
37.419105 -119.509187   0.13373088     2125   102922 1 1 11 11
37.419251 -119.490602   0.16857547     2249   104188 1 1 11 11
37.402065 -119.384000   0.14399408     1474   109013 6 1 11 11
37.404235 -119.345686   0.80371301     1535   106178 6 1 11 11
37.396961 -119.274382   0.45053353     1383   107357 6 1 11 11
37.405667 -119.222810   0.63108147     1938   111793 6 1 11 11
37.413694 -119.152265   0.60168982     1996   120661 6 1 11 11
37.406614 -119.112161   0.25018095     2082   136327 6 1 11 11
37.367816 -119.382057   0.05058230     1374   108457 6 1 11 11
37.351912 -119.338048   0.58746808     1215    96156 6 1 11 11
37.347214 -119.280418   0.79110101     1428    99233 7 1 11 11
37.356716 -119.221154   0.51389406     1873   111255 7 1 11 11
37.353015 -119.176863   0.14311743     2283   119791 6 1 11 11
37.311250 -119.323750   0.01297471     1207    95878 0 1 11 11
37.303077 -119.271644   0.07513334     2191    98396 1 1 11 11
37.256023 -119.204716   0.07051884     2354   102020 1 1 11 11
37.267493 -119.155998   0.38145487     2458   103608 6 1 11 11
37.280833 -119.117500   0.02884435     2696   112428 6 1 11 11
37.222500 -119.250833   0.00320741     2101    93631 0 1 11 11
37.219924 -119.221581   0.43622415     2127    93817 1 1 11 11
37.244167 -119.148889   0.09620736     2345   105308 6 1 11 11
37.148331 -119.213173   0.53133401     2228    91087 6 1 11 11
37.142736 -119.169563   0.05810778     2349   101387 6 1 11 11
37.101122 -119.207187   0.19306468     2072    92788 7 1 11 11
37.324626 -119.383803   0.08071815     1873    99195 6 3 11 11
37.317470 -119.365749   0.04420451     1730    98431 6 3 11 11
37.309315 -119.378512   0.00897061     1522    98246 0 3 11 11
37.301983 -119.356072   0.15443698     1460    94497 6 3 11 11
37.440417 -119.455833   0.03358026     2150   124043 1 16 11 11
37.403843 -119.462571   0.65752332     2248    92603 1 16 11 11
37.395325 -119.430803   0.13118579     1953    95594 1 16 11 11
37.355833 -119.440417   0.01120606     2194    93744 0 16 11 11
37.345194 -119.418046   0.35063680     2159    94508 1 16 11 11
37.571579 -119.217805   0.11333421     2158   141719 1 3 11 11
37.577976 -119.150740   0.31347495     2568   140686 1 3 11 11
37.577461 -119.102938   0.24515153     2392   144777 1 3 11 11
37.530108 -119.212082   0.43921563     1931   126212 6 3 11 11
37.551251 -119.157772   0.28994340     2098   134413 1 3 11 11
37.553901 -119.109871   0.12837832     2054   142924 6 3 11 11
37.469673 -119.553379   0.00911283     1984   111030 1 3 11 11
37.473690 -119.254405   0.02237741     2007   123141 6 3 11 11
37.487994 -119.230401   0.17259505     1747   122454 6 3 11 11
37.385429 -119.407096   0.10561263     1608   112522 6 3 11 11
37.407619 -119.209216   0.26876500     2087   114199 6 3 11 11
37.391377 -119.164792   0.29439260     2221   123093 6 3 11 11
37.357144 -119.395189   0.24012981     1690   102036 1 3 11 11
37.330243 -119.352589   0.26904091     1410    96194 6 3 11 11
37.362226 -119.146129   0.25294374     2310   122143 1 3 11 11
37.311250 -119.343333   0.00961090     1344    95970 0 3 11 11
37.500833 -119.440417   0.00223688     2528   129166 0 3 11 11
37.500833 -119.406528   0.01437991     2268   126165 0 3 11 11
37.500833 -119.371667   0.00255643     2144   126334 0 3 11 11
37.463778 -119.453997   0.37809638     2145   123148 1 3 11 11
37.468074 -119.407038   0.83769876     2020   117747 6 3 11 11
37.468145 -119.340877   0.49600051     2094   116520 6 3 11 11
37.451193 -119.281177   0.30869248     1956   115957 6 3 11 11
37.455833 -119.246667   0.03836953     1577   118373 0 3 11 11
37.433739 -119.454821   0.02414796     2122   121851 0 3 11 11
37.414478 -119.405989   0.51814013     1728   112413 6 3 11 11
37.423098 -119.327570   0.09613336     1709   110170 6 3 11 11
37.415562 -119.288135   0.44937620     1635   109147 7 3 11 11
37.318686 -119.289167   0.10409644     1539    99627 6 3 11 11
37.286371 -119.323284   0.24357363     1082    89189 6 3 11 11
37.282565 -119.291165   0.47911747     1882    90416 1 3 11 11
37.234338 -119.271902   0.25013672     2146    87020 1 3 11 11
37.230833 -119.246667   0.01282822     2285    94727 0 3 11 11
37.721141 -119.294881   0.00286873     3536   164058 9 16 11 11
37.661336 -119.343843   0.10220726     3144   150699 10 16 11 11
37.655735 -119.292720   0.37535372     3040   156538 10 16 11 11
37.649697 -119.198298   0.18242135     3027   153275 10 16 11 11
37.640247 -119.151584   0.29024781     2955   154787 6 16 11 11
37.647764 -119.093399   0.50484199     2606   155850 6 16 11 11
37.639167 -119.058399   0.03029883     2833   158928 7 16 11 11
37.605241 -119.338585   0.49720417     2891   143732 10 16 11 11
37.603251 -119.303505   0.08359998     2860   144812 6 16 11 11
37.621667 -119.194583   0.02169443     2618   152850 10 16 11 11
37.614746 -119.139837   0.14678283     2790   147938 6 16 11 11
37.602382 -119.096832   0.39316239     2422   148069 6 16 11 11
37.586172 -119.036905   0.30881150     2894   152824 6 16 11 11
37.565417 -118.947500   0.00351211     3426   167442 0 16 11 11
37.554421 -119.402824   0.00766450     2902   134155 6 16 11 11
37.500833 -119.125833   0.00063911     2777   152073 0 16 11 11
37.517953 -119.087678   0.24692816     2412   148024 6 16 11 11
37.526373 -119.029149   0.69386548     2682   150910 6 16 11 11
37.521014 -118.974572   0.50804317     2870   159344 7 16 11 11
37.525156 -118.913881   0.36896018     3372   168778 10 16 11 11
37.496667 -119.125833   0.00255657     2728   136666 6 16 11 11
37.478066 -119.083695   0.44965383     2781   136797 6 16 11 11
37.467221 -119.029947   0.83550031     3148   146740 6 16 11 11
37.470625 -118.968892   0.89982320     3073   164860 10 16 11 11
37.465014 -118.907787   0.78465623     3225   168832 10 16 11 11
37.460289 -118.843361   0.63749195     3321   177516 9 16 11 11
37.460239 -118.790901   0.45429444     3335   184029 10 16 11 11
37.436250 -119.065417   0.00335821     2830   146030 0 16 11 11
37.426273 -119.034373   0.16301551     2969   146516 6 16 11 11
37.405573 -118.945999   0.18321907     2662   165205 6 16 11 11
37.410136 -118.904218   1.12389153     2907   167049 7 16 11 11
37.406250 -118.843750   0.89988160     3210   175927 10 16 11 11
37.408808 -118.794014   0.47141452     3573   184553 10 16 11 11
37.316924 -119.202030   0.05269480     2536   116062 6 16 11 11
37.318581 -119.179778   0.04660688     2627   122699 6 16 11 11
37.315417 -119.101667   0.02242418     2648   150578 6 16 11 11
37.354144 -118.962294   0.25550697     2494   159913 7 16 11 11
37.345667 -118.900588   0.70039037     3054   167381 10 16 11 11
37.343750 -118.843750   0.90063174     3342   175831 9 16 11 11
37.340828 -118.788446   0.61445790     3610   185661 9 16 11 11
37.318841 -118.726682   0.09560054     3515   206012 9 16 11 11
37.290230 -119.261826   0.15060997     2547    95702 1 16 11 11
37.297015 -119.215606   0.37666164     2714   106663 6 16 11 11
37.294061 -119.161215   0.34493048     2791   107133 6 16 11 11
37.279812 -119.091595   0.48972448     2821   111332 6 16 11 11
37.270181 -119.034562   0.33081818     3011   119990 6 16 11 11
37.250833 -118.992500   0.00577117     2813   173316 0 16 11 11
37.288936 -118.894433   0.35092115     3308   169797 10 16 11 11
37.282825 -118.842042   0.84052352     3390   181833 10 16 11 11
37.281250 -118.781250   0.90138081     3304   187234 10 16 11 11
37.280442 -118.719707   0.86335608     3463   201532 9 16 11 11
37.266405 -118.679774   0.11266338     3699   210173 9 16 11 11
37.225368 -119.131187   0.11483478     2508   108357 6 16 11 11
37.228101 -119.103213   0.39189879     2647   109472 6 16 11 11
37.223826 -119.021530   0.36500654     2938   119161 6 16 11 11
37.209686 -118.979007   0.22165697     2931   130308 6 16 11 11
37.216537 -118.901390   0.52749838     2800   174773 7 16 11 11
37.218347 -118.843455   0.88927573     2855   182136 10 16 11 11
37.218750 -118.781250   0.90212880     3258   191772 10 16 11 11
37.218750 -118.718750   0.90212880     3506   200068 9 16 11 11
37.214491 -118.681506   0.12409987     3730   209102 9 16 11 11
37.155439 -119.092750   0.09034527     2789   110076 6 16 11 11
37.152819 -119.046470   0.01604584     2946   129375 6 16 11 11
37.176150 -118.987544   0.00850395     2983   130625 6 16 11 11
37.166604 -118.894050   0.00016045     3290   190375 10 16 11 11
37.162703 -118.842601   0.09552333     3376   189736 10 16 11 11
37.156250 -118.781250   0.77643860     3232   195760 10 16 11 11
37.156250 -118.718750   0.90287572     3384   200199 9 16 11 11
37.148025 -118.667199   0.29899483     3711   208339 9 16 11 11
37.094567 -118.779855   0.16062682     3352   204223 10 16 11 11
37.097059 -118.721886   0.41425907     3558   205217 9 16 11 11
37.101441 -118.653207   0.06279271     3620   214209 9 16 11 11
37.712935 -119.267514   0.15026658     3464   160217 9 3 11 11
37.707981 -119.217065   0.53740276     3276   159261 9 3 11 11
37.711445 -119.156459   0.68106637     2980   169458 6 3 11 11
37.703698 -119.106883   0.28533173     2894   165479 6 3 11 11
37.640238 -119.343459   0.04912164     3179   150923 10 3 11 11
37.656737 -119.270395   0.42112993     3001   152310 10 3 11 11
37.657923 -119.223971   0.71444351     2845   150450 10 3 11 11
37.663904 -119.158482   0.60666499     3122   155065 7 3 11 11
37.667011 -119.094450   0.38677715     2692   156768 6 3 11 11
37.640556 -119.051240   0.09137637     2968   158890 10 3 11 11
37.596588 -119.385661   0.08331986     3028   150578 10 3 11 11
37.582380 -119.347067   0.30659488     2718   141811 6 3 11 11
37.592774 -119.278964   0.81401223     2632   137769 6 3 11 11
37.596249 -119.219578   0.76260118     2430   137769 1 3 11 11
37.598005 -119.165707   0.43733871     2826   139398 6 3 11 11
37.596058 -119.080391   0.25930456     2453   145816 1 3 11 11
37.590452 -119.043401   0.25787238     2834   152115 6 3 11 11
37.565417 -118.988333   0.02362413     3310   162562 7 3 11 11
37.527219 -119.392868   0.42295160     2581   126350 6 3 11 11
37.521681 -119.334890   0.31225602     2307   126558 1 3 11 11
37.533013 -119.289293   0.62625486     2230   127606 1 3 11 11
37.545966 -119.203138   0.10203619     1946   128635 1 3 11 11
37.511950 -119.158675   0.20526176     2214   129546 1 3 11 11
37.531810 -119.091168   0.49749623     2376   143710 6 3 11 11
37.547787 -119.038374   0.20453192     2844   151920 7 3 11 11
37.543966 -118.961135   0.36649034     3266   160392 7 3 11 11
37.511199 -118.909572   0.13272590     3278   168986 7 3 11 11
37.505000 -118.867500   0.02236727     3684   177835 10 3 11 11
37.496667 -119.405833   0.03834857     2149   126558 0 3 11 11
37.496667 -119.340417   0.08564514     2142   125932 0 3 11 11
37.496667 -119.302917   0.02940057     2136   126788 0 3 11 11
37.496667 -119.194583   0.02173086     1713   127609 0 3 11 11
37.481403 -119.145661   0.36824889     2358   129507 1 3 11 11
37.474787 -119.112706   0.15278838     2660   133943 1 3 11 11
37.490590 -119.050095   0.06136512     3009   153463 0 3 11 11
37.494362 -118.895712   0.11442967     3197   170267 9 3 11 11
37.489748 -118.864748   0.06136228     3501   177381 7 3 11 11
37.394583 -119.084653   0.23041038     2324   139945 6 3 11 11
37.394524 -118.912381   0.22400993     3017   167442 6 3 11 11
37.371667 -119.093333   0.02560845     2049   143889 7 3 11 11
37.380833 -119.005000   0.01920399     2349   162204 6 14 11 11
37.385671 -118.973435   0.13122097     2348   160916 0 14 11 11
37.322500 -119.572500   0.01601576     1032    89113 0 14 11 11
37.315417 -119.551667   0.02242418     1038    86065 6 14 11 11
37.371667 -118.985000   0.02560845     2324   160136 0 14 11 11
37.304421 -119.536620   0.05767195     1046    82997 0 14 11 11
37.250833 -119.190417   0.00224434     2199   102991 0 14 11 11
37.250833 -119.177917   0.00737427     2145   103477 0 14 11 11
37.262500 -118.959167   0.08014271     2232   169311 0 14 11 11
37.238260 -119.214905   0.07311367     2147    95907 0 14 11 11
37.244026 -119.178944   0.04553342     2132   103062 0 14 11 11
37.131736 -119.295417   0.07706401     1646    83411 0 14 11 11
37.118038 -119.291048   0.09957080     1648    85450 0 14 11 11
37.009637 -119.694419   0.05596750      174      486 0 14 11 11
37.019172 -119.666634   0.20357584      178     2023 0 14 11 11
36.996667 -119.690417   0.00900757      173     1451 0 14 11 11
36.996667 -119.686250   0.00386039      173     2099 0 14 11 11
