40.477336 -121.531722   0.00418375     2740   200858 6 16 3 3
40.482063 -121.484167   0.02182464     2532   197052 1 16 3 3
40.538552 -121.237415   0.00041816     2286   181254 6 3 3 3
40.516281 -121.135257   0.01700328     1950   189793 1 3 3 3
40.512695 -121.106103   0.09162559     1976   185092 6 3 3 3
40.468011 -121.453888   0.12532440     2238   192085 1 3 3 3
40.468750 -121.406250   0.33225219     1967   184291 1 3 3 3
40.469186 -121.344473   0.19439294     2002   181104 6 3 3 3
40.469174 -121.280471   0.17092040     2160   173202 6 3 3 3
40.465819 -121.223866   0.14024777     2183   171532 6 3 3 3
40.462959 -121.156706   0.27516393     2031   168732 1 3 3 3
40.469559 -121.104918   0.23494968     1881   175565 6 3 3 3
40.408460 -121.450322   0.15738800     1936   186185 6 3 3 3
40.406272 -121.406272   0.39229530     1899   177471 1 3 3 3
40.405927 -121.346455   0.33116358     1775   172741 1 3 3 3
40.421530 -121.281309   0.19713514     2023   168434 6 3 3 3
40.404392 -121.226813   0.17622460     1972   161422 1 3 3 3
40.424520 -121.145057   0.10989822     1939   162791 1 3 3 3
40.417768 -121.102954   0.18101242     1926   160416 1 3 3 3
40.383722 -120.903058   0.04900702     1784   174491 1 3 3 3
40.375833 -120.871667   0.00048876     1797   176644 0 3 3 3
40.361484 -121.449577   0.05384413     1684   183284 1 3 3 3
40.358653 -121.407246   0.15631903     1684   175588 6 3 3 3
40.338158 -121.347002   0.19931286     1704   160453 6 3 3 3
40.315417 -121.311250   0.00146759     1566   165164 0 3 3 3
40.371667 -120.880000   0.00670338     1769   175302 6 3 3 3
40.371667 -120.871667   0.00432925     1774   175826 6 3 3 3
40.290820 -121.337387   0.18450427     1695   153071 6 3 3 3
40.285018 -121.297833   0.10898937     1694   145458 1 3 3 3
40.194820 -121.392866   0.05396659     2048   153856 1 3 3 3
40.212473 -121.342719   0.28317520     1844   145915 1 3 3 3
40.206528 -121.303264   0.05039640     1612   143461 1 3 3 3
40.160704 -121.399263   0.27411514     1889   124649 1 3 3 3
40.155167 -121.345668   0.36382219     1779   118954 1 3 3 3
40.134955 -121.304494   0.03404996     1620   119894 1 3 3 3
40.073777 -121.457349   0.07776775     1793    86355 1 3 3 3
40.088821 -121.412029   0.06233350     1982    92820 1 3 3 3
40.094303 -121.343682   0.36739851     1864   109319 1 3 3 3
40.098306 -121.294952   0.17842463     1663   106107 1 3 3 3
40.033611 -121.507315   0.04723869     1596    75377 1 3 3 3
40.030850 -121.468141   0.38627309     1768    75563 1 3 3 3
40.031693 -121.410933   0.26714537     1936    78707 1 3 3 3
40.050060 -121.345937   0.14882675     1949    84907 1 3 3 3
40.048118 -121.295606   0.08833275     1725    96463 1 3 3 3
39.989771 -121.461822   0.07978434     1793    74124 1 3 3 3
39.981049 -121.405131   0.15169560     1792    74981 1 3 3 3
39.991134 -121.368593   0.01713315     1852    82785 6 3 3 3
40.044217 -120.514217   0.04631308     1685   195582 7 6 3 3
40.027562 -120.472913   0.15089099     1718   199858 7 6 3 3
40.007774 -120.415074   0.05124322     1731   209056 7 6 3 3
39.945097 -120.642977   0.03190172     1811   184330 6 6 3 3
39.961466 -120.586637   0.02571154     1778   193003 6 6 3 3
39.968452 -120.534306   0.07375324     1678   195017 6 6 3 3
39.965417 -120.468747   0.23174085     1685   203511 6 6 3 3
39.971022 -120.410349   0.23326965     1704   211306 7 6 3 3
39.961673 -120.346694   0.15447632     1809   222731 6 6 3 3
39.940417 -120.307083   0.00639473     2003   233980 6 6 3 3
39.966039 -120.215846   0.09412929     1787   222808 6 6 3 3
39.932755 -120.631478   0.01307248     1809   186644 6 6 3 3
39.922837 -120.588899   0.13664569     1798   193274 6 6 3 3
39.909410 -120.541233   0.11557293     1794   184466 6 6 3 3
39.883273 -120.464903   0.05983452     1808   178442 6 6 3 3
39.909186 -120.413595   0.15642568     1739   178480 6 6 3 3
39.925315 -120.329435   0.04435401     1834   221865 6 6 3 3
39.910693 -120.284449   0.12928767     1881   226611 6 6 3 3
39.899025 -120.217364   0.21544238     1767   203345 7 6 3 3
39.887878 -120.174851   0.06441774     1781   212316 6 6 3 3
39.867500 -120.500833   0.00253248     1771   168388 0 6 3 3
39.865432 -120.469135   0.11117128     1733   167269 7 6 3 3
39.871667 -120.427917   0.01294298     1818   176706 6 6 3 3
39.871667 -120.194583   0.00956655     1799   202565 7 6 3 3
39.871667 -120.175673   0.00731560     1690   203869 6 6 3 3
40.190417 -120.789167   0.00490100     1284   165840 6 6 3 3
40.147500 -120.944583   0.01190996     1135   155029 6 6 3 3
40.142313 -120.900536   0.11869253     1094   148318 6 6 3 3
40.142540 -120.827222   0.05885144     1136   149072 6 6 3 3
40.154388 -120.800217   0.06626650     1168   156511 6 6 3 3
40.103227 -120.895691   0.15815190     1094   142411 11 6 3 3
40.097632 -120.845705   0.17947670     1099   147230 6 6 3 3
40.118122 -120.798066   0.00939191     1106   155178 7 6 3 3
40.069032 -120.700790   0.03710237     1263   171269 6 6 3 3
40.069583 -120.682083   0.01550070     1183   173899 6 6 3 3
40.053729 -120.821271   0.01403105     1151   154647 1 6 3 3
40.044088 -120.779951   0.08912971     1191   157386 6 6 3 3
40.048176 -120.727110   0.08917686     1169   165529 6 6 3 3
40.053230 -120.670577   0.01676722     1225   173953 6 6 3 3
39.951828 -120.956227   0.09197383     1086   143300 6 6 3 3
39.954951 -120.907870   0.20689296     1078   143987 6 6 3 3
39.946971 -120.862840   0.05100908     1192   154971 6 6 3 3
39.936250 -120.952917   0.00780064     1090   154406 0 6 3 3
39.933379 -120.892766   0.02917449     1080   153769 6 6 3 3
39.925752 -120.836834   0.05370063     1195   156429 6 6 3 3
39.890709 -120.774179   0.10928187     1324   118925 6 6 3 3
39.883193 -120.723897   0.07945175     1420   118679 6 6 3 3
39.881022 -120.679489   0.00745527     1591   125432 0 6 3 3
39.868200 -120.761408   0.03348594     1353   114317 6 6 3 3
39.863036 -120.713930   0.14002043     1312   117382 6 6 3 3
39.844203 -120.669930   0.13961423     1465   124908 6 6 3 3
39.791314 -120.642037   0.14719429     1386   131031 6 6 3 3
39.771136 -120.606439   0.15496811     1406   137682 6 6 3 3
39.734025 -120.582527   0.13251693     1385   144185 6 6 3 3
39.715734 -120.541304   0.14240825     1428   148196 6 6 3 3
40.315417 -120.735000   0.00649912     2027   184948 1 6 3 3
40.289167 -120.750833   0.00699123     1743   179780 0 6 3 3
40.285280 -120.716778   0.28058518     1944   179348 1 6 3 3
40.283744 -120.665381   0.20575309     2062   206347 6 6 3 3
40.272500 -120.621667   0.01517486     2135   206365 1 6 3 3
40.246667 -120.690417   0.00391755     1784   208820 6 6 3 3
40.246667 -120.682083   0.00727545     1846   206778 6 6 3 3
40.194583 -120.500833   0.00238034     1786   217956 0 6 3 3
40.196143 -120.475714   0.08126402     1930   217995 6 6 3 3
40.149118 -120.760855   0.08575694     1796   161100 6 6 3 3
40.140500 -120.727287   0.15762052     2071   163804 1 6 3 3
40.125833 -120.686250   0.00042049     1834   179815 0 6 3 3
40.149519 -120.504679   0.04554996     1758   209315 7 6 3 3
40.155798 -120.469741   0.38036409     1850   209909 7 6 3 3
40.141360 -120.427303   0.06655468     1881   217161 10 6 3 3
40.089586 -120.773082   0.13294570     1634   155913 6 6 3 3
40.103173 -120.715856   0.26571708     1811   163842 6 6 3 3
40.098095 -120.679234   0.06827887     1862   175033 1 6 3 3
40.082707 -120.519531   0.17321550     1796   193537 6 6 3 3
40.093058 -120.469349   0.38484240     1810   201092 6 6 3 3
40.085724 -120.410006   0.27940760     1838   211545 6 6 3 3
40.085997 -120.341298   0.28237882     1815   225594 6 6 3 3
40.085122 -120.284603   0.26110680     1895   234859 10 6 3 3
40.072985 -120.235427   0.05982255     1954   243292 10 6 3 3
40.061250 -120.801667   0.00420885     1599   157092 0 6 3 3
40.016527 -120.641892   0.11539569     1940   177676 1 6 3 3
40.021382 -120.587952   0.23021352     1833   184701 6 6 3 3
40.029275 -120.533328   0.34568033     1757   191399 6 6 3 3
40.033532 -120.466174   0.24388599     1786   200175 7 6 3 3
40.034751 -120.404934   0.34353793     1876   208870 6 6 3 3
40.031250 -120.343750   0.39475320     2021   217643 6 6 3 3
40.031250 -120.281250   0.39475320     2009   232391 7 6 3 3
40.028633 -120.225501   0.29703847     1899   231449 7 6 3 3
40.005000 -120.182083   0.00835439     2060   234248 6 6 3 3
39.983970 -120.643778   0.11910716     2285   178545 6 6 3 3
39.976753 -120.589834   0.25349720     2016   191546 6 6 3 3
39.970670 -120.530259   0.30170385     1792   189007 6 6 3 3
39.973478 -120.468754   0.16336661     1755   188892 7 6 3 3
39.965475 -120.400341   0.16184353     1790   211661 7 6 3 3
39.973293 -120.341860   0.24066599     1964   220395 6 6 3 3
39.969216 -120.280825   0.38873445     2136   228163 6 6 3 3
39.973855 -120.225563   0.23993270     1879   224112 6 6 3 3
39.991174 -120.182557   0.01853711     1976   229752 6 6 3 3
39.883502 -121.087579   0.08818737     1612    86129 1 6 3 3
39.884073 -121.045276   0.04993010     1639    88513 1 6 3 3
39.894671 -120.969061   0.22992884     1734    93737 1 6 3 3
39.888155 -120.915296   0.12137418     1768    94306 1 6 3 3
39.936250 -120.569583   0.00358408     1903   193827 0 6 3 3
39.933606 -120.519756   0.01019075     1787   186438 0 6 3 3
39.913121 -120.465545   0.28500916     1941   180624 6 6 3 3
39.904497 -120.401418   0.23764086     1848   184286 6 6 3 3
39.903841 -120.345559   0.35110795     1950   183679 6 6 3 3
39.904092 -120.279696   0.26617400     2032   205288 6 6 3 3
39.910202 -120.238591   0.09560895     1934   203166 6 6 3 3
39.829771 -121.319583   0.04427068     1533    54071 1 6 3 3
39.841756 -121.285810   0.18375541     1613    63081 1 6 3 3
39.829135 -121.222737   0.14420712     1680    64494 1 6 3 3
39.838313 -121.154903   0.27902983     1719    67581 1 6 3 3
39.845477 -121.089693   0.17748306     1614    70537 1 6 3 3
39.854888 -121.035515   0.21458720     1690    78082 1 6 3 3
39.865496 -120.972114   0.11468323     1697    87774 1 6 3 3
39.867890 -120.911660   0.06008139     1708    93760 1 6 3 3
39.861573 -120.396858   0.06725843     1735   174830 7 6 3 3
39.862393 -120.340169   0.14213123     1812   181403 7 6 3 3
39.864211 -120.284189   0.13086389     2003   186800 7 6 3 3
39.868690 -120.231190   0.03545641     1813   200868 7 6 3 3
39.808116 -121.317173   0.00851954     1553    53793 1 6 3 3
39.802937 -121.284877   0.04358570     1549    53352 1 6 3 3
39.794788 -121.213617   0.16626628     1609    58808 1 6 3 3
39.804004 -121.161915   0.07500720     1618    62087 1 6 3 3
39.807083 -121.113333   0.02562868     1567    68948 1 6 3 3
40.190417 -121.164167   0.02450501     1475   128632 6 3 3 3
40.197957 -121.014947   0.06398342     1436   167020 1 3 3 3
40.194889 -120.975485   0.07734082     1403   160107 6 3 3 3
40.191684 -120.907999   0.02485511     1703   160462 1 3 3 3
40.210483 -120.839627   0.27331758     1599   165229 1 3 3 3
40.202666 -120.796535   0.08966016     1508   166025 6 3 3 3
40.152483 -121.210194   0.24055688     1502   113800 6 3 3 3
40.157083 -121.154551   0.35025970     1509   116593 6 3 3 3
40.150917 -121.096237   0.31942176     1531   119341 6 3 3 3
40.154542 -121.029826   0.36860559     1546   124601 1 3 3 3
40.164118 -120.971362   0.28471921     1274   155700 6 3 3 3
40.169201 -120.906666   0.21536446     1421   149890 6 3 3 3
40.158657 -120.846651   0.33518621     1401   149814 6 3 3 3
40.155222 -120.787944   0.26960712     1319   156610 6 3 3 3
40.101587 -121.205582   0.18762634     1364   105615 6 3 3 3
40.093813 -121.155947   0.38239858     1354   107366 1 3 3 3
40.094362 -121.094272   0.38605088     1467   114812 1 3 3 3
40.100072 -121.030890   0.29613911     1693   122396 1 3 3 3
40.093594 -120.990677   0.04487254     1662   132156 1 3 3 3
40.099199 -120.834023   0.14506419     1199   149123 6 3 3 3
40.095038 -120.784931   0.25204779     1375   154603 6 3 3 3
40.076417 -120.734422   0.09158891     1441   167463 6 3 3 3
40.057496 -121.150558   0.04252091     1473   107583 1 3 3 3
40.056000 -121.106440   0.04588944     1703   114458 6 3 3 3
40.058116 -120.817173   0.00848848     1175   154724 6 3 3 3
40.056810 -120.779911   0.06417470     1334   156738 6 3 3 3
40.057934 -120.739269   0.02062647     1317   166082 6 3 3 3
40.077917 -121.250833   0.00518964     1282   105382 0 6 3 3
40.075866 -121.226570   0.13778885     1249   103717 6 6 3 3
40.065417 -121.182083   0.00638303      939   106264 6 6 3 3
40.061250 -121.250833   0.00042088     1264   105158 0 6 3 3
40.043534 -121.209210   0.18562167     1168    98834 6 6 3 3
40.026616 -121.160250   0.28092851     1314   102259 6 6 3 3
40.006687 -121.116607   0.02358560     1427   112182 6 6 3 3
39.995901 -121.133316   0.01376243     1639   109766 1 6 3 3
39.982108 -121.102734   0.11826912     1522   116742 6 6 3 3
39.875833 -121.276667   0.00844056     1541    76917 0 6 3 3
39.866298 -121.274112   0.08582914     1663    71454 1 6 3 3
39.850025 -121.214249   0.18577172     1749    68952 1 6 3 3
39.838629 -121.179194   0.04363009     1751    69933 1 6 3 3
39.838868 -120.964591   0.19564709     1471    85652 1 6 3 3
39.829363 -120.919338   0.08375205     1745    93181 1 6 3 3
39.796808 -120.955241   0.06830689     1501    86400 1 6 3 3
39.802824 -120.929421   0.02534881     1637    91676 6 6 3 3
39.635570 -121.072347   0.04192594     1281    56713 1 6 3 3
39.634167 -121.061250   0.00444662     1363    59701 0 6 3 3
39.595804 -121.079926   0.07047247     1217    52795 1 6 3 3
39.817830 -120.952825   0.03512468     1747    86863 1 3 3 3
39.821521 -120.897800   0.07565897     1852    91756 1 3 3 3
39.833198 -120.838163   0.08629032     1680   102682 1 3 3 3
39.828944 -120.788572   0.16961190     1826   111106 1 3 3 3
39.761925 -121.091479   0.10173272     1657    63586 1 3 3 3
39.760000 -121.027592   0.10848433     1728    71364 1 3 3 3
39.772043 -120.964432   0.22407343     1690    77000 1 3 3 3
39.779775 -120.904666   0.31428819     1857    83264 1 3 3 3
39.777419 -120.847625   0.26638928     1885    91544 1 3 3 3
39.780465 -120.779102   0.35570670     1908   112656 1 3 3 3
39.774283 -120.724835   0.27327674     1880   121003 1 3 3 3
39.758581 -120.681595   0.01803746     1671   137781 1 3 3 3
39.714167 -121.125833   0.00141007     1566    60441 0 3 3 3
39.726486 -121.088001   0.19427843     1635    60626 1 3 3 3
39.721544 -121.031613   0.34642899     1646    65282 1 3 3 3
39.719255 -120.967307   0.22375898     1647    74549 1 3 3 3
39.721939 -120.901537   0.01212121     1847    82535 1 3 3 3
39.718750 -120.843750   0.01233442     1993   119824 1 3 3 3
39.721712 -120.783682   0.20738795     1987   120540 1 3 3 3
39.732090 -120.726991   0.16516274     1922   124276 1 3 3 3
39.746667 -120.682083   0.00732891     1751   144122 1 3 3 3
39.686250 -121.047500   0.00211596     1547    65783 0 3 3 3
39.825250 -121.569058   0.02738240      619    43509 6 6 3 3
39.822415 -121.536855   0.11155388      886    44551 1 6 3 3
39.815417 -121.478750   0.01724798      946    44980 1 6 3 3
39.834396 -121.383874   0.07354890     1091    54889 4 6 3 3
39.835092 -121.348484   0.22843996     1365    52042 1 6 3 3
39.825418 -121.275580   0.10868105     1494    62394 1 6 3 3
39.820819 -121.243489   0.01661314     1506    64718 1 6 3 3
39.807083 -121.565417   0.00640717      612    41611 6 6 3 3
39.785417 -121.526042   0.30845282      731    35507 6 6 3 3
39.781280 -121.468599   0.37788200      748    39173 1 6 3 3
39.783315 -121.407445   0.34939949     1082    38601 1 6 3 3
39.799112 -121.356938   0.08267638     1324    45516 1 6 3 3
39.781897 -121.273279   0.25779053     1323    50809 1 6 3 3
39.772196 -121.225006   0.21274002     1399    54111 1 6 3 3
39.750833 -121.105833   0.00422796     1573    63455 0 6 3 3
39.744946 -121.516735   0.03072921      632    34482 6 6 3 3
39.720547 -121.457176   0.21990024      654    22006 1 6 3 3
39.710216 -121.416869   0.19168809      625    26962 1 6 3 3
39.695338 -121.334392   0.07508864     1040    34539 1 6 3 3
39.716815 -121.282948   0.21341245      963    38388 1 6 3 3
39.738242 -121.211579   0.08831840     1022    45201 1 6 3 3
39.710150 -121.146374   0.15306116     1431    47901 1 6 3 3
39.710921 -121.098295   0.19381047     1525    58732 1 6 3 3
39.695083 -121.036715   0.02926635     1502    64464 1 6 3 3
39.650208 -121.465381   0.20895721      603    12910 6 6 3 3
39.674408 -121.411988   0.09911688      623    25565 1 6 3 3
39.684829 -121.351072   0.02151912      951    35318 1 6 3 3
39.651994 -121.264156   0.08348190      884    31584 1 6 3 3
39.638088 -121.220311   0.15886547     1197    34038 1 6 3 3
39.662701 -121.155846   0.15869773     1319    46374 1 6 3 3
39.666086 -121.096167   0.16207374     1413    52035 1 6 3 3
39.665102 -121.015492   0.06391091     1584    63955 1 6 3 3
39.621667 -121.460000   0.01129568      553    13082 6 6 3 3
39.613152 -121.254094   0.01949122      930    32734 1 6 3 3
39.594549 -121.217635   0.38203450     1041    33691 1 6 3 3
39.594489 -121.161650   0.31503398     1112    40418 1 6 3 3
39.621667 -121.121667   0.00451827     1323    51773 1 6 3 3
39.552045 -121.255379   0.01554721      744    29917 1 6 3 3
39.538326 -121.210994   0.20844982      856    31730 1 6 3 3
39.536735 -121.164181   0.17500355     1088    40057 1 6 3 3
40.065417 -120.910000   0.02946014     1627   139404 1 3 3 3
40.037464 -120.899670   0.26836460     1803   138825 6 3 3 3
40.023398 -120.847246   0.28000898     1792   150030 1 3 3 3
40.018794 -120.781474   0.23512093     1750   159099 1 3 3 3
40.023461 -120.715072   0.28002958     1485   166162 6 3 3 3
40.019904 -120.674693   0.10850288     1775   173822 6 3 3 3
39.996667 -120.875833   0.00112342     1571   151654 6 3 3 3
39.985515 -120.832294   0.12502632     1745   151839 6 3 3 3
39.973674 -120.778177   0.32270648     2021   164428 6 3 3 3
39.968750 -120.718750   0.39511469     1892   171051 1 3 3 3
39.964412 -120.664071   0.24408731     1955   175714 6 3 3 3
39.952861 -120.603894   0.11592839     1987   188836 6 3 3 3
39.934990 -120.757229   0.00604404     1771   171350 0 3 3 3
39.919679 -120.710834   0.18665546     1911   124643 6 3 3 3
39.905827 -120.656652   0.37495584     1931   125748 6 3 3 3
39.896946 -120.596687   0.25521816     1918   132887 6 3 3 3
39.886363 -120.542476   0.09817001     1925   187243 6 3 3 3
39.847105 -120.643347   0.21745536     1791   125787 6 3 3 3
39.843750 -120.593750   0.39583625     1951   132926 6 3 3 3
39.843192 -120.539694   0.27786469     1839   157570 6 3 3 3
39.823267 -120.465417   0.09465919     1561   161820 6 3 3 3
39.819887 -120.433739   0.01062911     1540   168720 6 3 3 3
39.798829 -120.639827   0.00746439     1668   134109 0 3 3 3
39.788919 -120.584380   0.23308397     1612   139510 6 3 3 3
39.781250 -120.531250   0.39619633     1518   148289 6 3 3 3
39.781250 -120.468750   0.39619633     1651   158365 6 3 3 3
39.779494 -120.416393   0.25038750     1689   168506 6 3 3 3
39.712868 -120.702128   0.12811622     2025   142278 1 3 3 3
39.715346 -120.657143   0.35142996     1913   142734 1 3 3 3
39.708940 -120.599653   0.22427823     1817   147094 1 3 3 3
39.721409 -120.527308   0.20544591     1586   148120 6 3 3 3
39.727450 -120.462289   0.19641015     1644   157800 6 3 3 3
39.726918 -120.413950   0.15817824     1593   182433 7 3 3 3
39.674941 -120.695913   0.00063480     2262   155090 6 3 3 3
39.657381 -120.654047   0.15133577     2056   153812 1 3 3 3
39.660916 -120.597503   0.03273182     2175   154297 1 3 3 3
39.674769 -120.534518   0.08592747     1966   154383 1 3 3 3
39.671160 -120.486767   0.05742541     1707   158417 1 3 3 3
40.315417 -120.755833   0.00489196     1993   184532 1 1 3 3
40.289924 -120.764044   0.09704376     1762   177549 1 1 3 3
40.259846 -120.725833   0.07553332     1703   177172 6 1 3 3
40.263060 -120.646981   0.11496860     1947   204336 6 1 3 3
40.267680 -120.594090   0.18600640     1992   203997 6 1 3 3
40.255313 -120.551568   0.01888254     2133   206643 6 1 3 3
40.223719 -120.787106   0.12974318     1722   168124 1 1 3 3
40.215643 -120.715080   0.32929198     1799   171640 1 1 3 3
40.219822 -120.657470   0.35557133     1727   196775 6 1 3 3
40.223551 -120.591606   0.32509192     1821   196474 6 1 3 3
40.217483 -120.532422   0.36991586     1901   199609 6 1 3 3
40.218333 -120.493782   0.03575976     1840   220078 6 1 3 3
40.178398 -120.761367   0.04243667     1780   166140 1 1 3 3
40.166750 -120.713059   0.23641936     2014   167166 1 1 3 3
40.157739 -120.659624   0.34709456     1764   180038 6 1 3 3
40.149564 -120.590233   0.26333659     1713   187379 6 1 3 3
40.156986 -120.534561   0.34638662     1753   199440 6 1 3 3
40.157244 -120.441779   0.00728505     1855   215278 0 1 3 3
40.146445 -120.410670   0.09365010     1864   217122 10 1 3 3
40.125833 -120.363333   0.00308356     1858   225895 0 1 3 3
40.096858 -120.652108   0.11457342     1703   176631 6 1 3 3
40.093126 -120.593017   0.38430278     1816   182125 6 1 3 3
40.102395 -120.540425   0.22118355     1689   192441 6 1 3 3
40.121667 -120.444583   0.00953159     1724   214978 8 1 3 3
40.113252 -120.397124   0.11497552     1781   217106 7 1 3 3
40.111503 -120.355873   0.08284282     1833   225032 6 1 3 3
40.103056 -120.278056   0.02082086     1942   239240 6 1 3 3
40.047865 -120.633945   0.01585644     1658   180556 6 1 3 3
40.045521 -120.597180   0.12666642     1686   182256 6 1 3 3
40.061250 -120.557083   0.00273575     1678   192086 0 1 3 3
39.948477 -121.254317   0.01714490     1537    84785 6 1 3 3
39.961643 -121.217582   0.29609247     1907    86028 1 1 3 3
39.951596 -121.167778   0.12370005     1976    98543 1 1 3 3
39.906462 -121.256803   0.02924924     1609    82810 1 1 3 3
39.908605 -121.217659   0.31772345     1741    84679 1 1 3 3
39.908627 -121.154080   0.35216175     1817    88689 1 1 3 3
39.898040 -121.119362   0.05033555     1721    87292 1 1 3 3
39.884167 -120.510000   0.03094459     1809   184690 6 1 3 3
39.870091 -121.205070   0.03348772     1659    88591 1 1 3 3
39.867532 -121.147708   0.07317901     1688    74122 1 1 3 3
39.861049 -121.104488   0.08469571     1560    82926 1 1 3 3
39.844573 -120.511585   0.11540889     1738   160865 6 1 3 3
39.840241 -120.471813   0.18015502     1613   163549 7 1 3 3
39.843333 -120.436250   0.00422228     1618   170525 0 1 3 3
40.259277 -120.764189   0.04224207     1531   175983 1 3 3 3
40.254282 -120.745374   0.00811375     1544   176060 0 3 3 3
40.223271 -120.766708   0.16208085     1469   167799 6 3 3 3
40.233858 -120.740571   0.06044912     1529   171787 6 3 3 3
40.199773 -120.636061   0.03080112     1601   197516 6 3 3 3
40.196925 -120.604980   0.05880665     1569   194854 6 3 3 3
40.145412 -120.630803   0.04651986     1588   185349 6 3 3 3
40.168487 -120.601637   0.11947791     1542   186059 6 3 3 3
40.180833 -120.561250   0.00210073     1636   199401 0 3 3 3
40.092330 -120.648622   0.19603147     1455   175180 6 3 3 3
40.117500 -120.621667   0.01009289     1557   185442 6 3 3 3
40.000833 -121.418333   0.00280839     1937    78876 0 3 3 3
40.000833 -121.315417   0.00098293     1903    92538 0 3 3 3
40.000833 -121.307083   0.00182545     1861    91334 0 3 3 3
40.055833 -120.690417   0.00491071     1220   173020 0 3 3 3
40.047868 -120.654579   0.13822750     1461   173745 6 3 3 3
40.043488 -120.617500   0.03788951     1580   182333 6 3 3 3
39.959351 -121.450364   0.12498961     1632    69225 1 3 3 3
39.961083 -121.406947   0.24339581     1600    69657 6 3 3 3
39.962145 -121.342939   0.30917297     1576    76582 1 3 3 3
39.964836 -121.284617   0.31362242     1138    78899 6 3 3 3
39.968333 -121.246667   0.01123889     1545    88419 0 3 3 3
39.903450 -121.457561   0.24714934     1331    59686 6 3 3 3
39.906250 -121.406250   0.39547570     1334    63553 1 3 3 3
39.906250 -121.343750   0.39547570     1063    67241 1 3 3 3
39.906950 -121.283357   0.35776937     1268    75837 1 3 3 3
39.899828 -121.240489   0.04893812     1486    84980 1 3 3 3
39.850156 -121.457983   0.22349943     1156    55161 1 3 3 3
39.845884 -121.411356   0.32229879      858    54998 6 3 3 3
39.864833 -121.343655   0.12312978     1040    66423 6 3 3 3
39.867767 -121.303483   0.01758657     1313    74495 6 3 3 3
39.871667 -121.238333   0.01575667     1608    85520 1 3 3 3
39.765818 -121.397319   0.04677580      841    38639 1 3 3 3
39.775656 -121.340917   0.30499810     1097    43579 1 3 3 3
39.769518 -121.301257   0.09480867     1269    46913 1 3 3 3
39.758209 -121.191231   0.01225971     1022    55175 0 3 3 3
39.761619 -121.160386   0.13595922     1207    56741 1 3 3 3
39.755000 -121.121667   0.00676430     1593    62931 1 3 3 3
39.727632 -121.395873   0.19992925      742    32331 1 3 3 3
39.724218 -121.345936   0.32145843      776    34261 1 3 3 3
39.721004 -121.279272   0.18315438      915    38580 1 3 3 3
39.713164 -121.220805   0.30822049     1107    38928 1 3 3 3
39.724214 -121.162671   0.24208477     1354    52554 1 3 3 3
39.720417 -121.121667   0.00845966     1455    58038 0 3 3 3
39.649557 -121.395662   0.21199732      705    16951 1 3 3 3
39.654612 -121.343330   0.37540237      885    24093 1 3 3 3
39.657383 -121.285803   0.31341042      749    24988 1 3 3 3
39.668367 -121.217709   0.23804504     1150    36259 1 3 3 3
39.651953 -121.156519   0.25234138     1226    44900 1 3 3 3
39.651529 -121.101221   0.16399618     1295    52636 1 3 3 3
39.593738 -121.393177   0.24226452      510    11057 6 3 3 3
39.593983 -121.343024   0.40576015      573    15154 6 3 3 3
39.592749 -121.282651   0.37775938      694    24016 1 3 3 3
39.573750 -121.246667   0.01525972      850    32797 0 3 3 3
39.596976 -121.134607   0.05608758     1101    47132 1 3 3 3
39.591792 -121.106524   0.21164995     1164    48436 1 3 3 3
39.552580 -121.389324   0.06120061      327    10140 0 3 3 3
39.552917 -121.343750   0.12190241      428    14955 6 3 3 3
39.557067 -121.286462   0.05549120      535    22296 1 3 3 3
39.561250 -121.246667   0.00169583      968    32896 0 3 3 3
39.561250 -121.125833   0.00042396     1073    49207 0 3 3 3
39.558101 -121.103062   0.00226116     1115    49392 1 3 3 3
39.954878 -120.194166   0.04911352     1853   222955 7 1 3 3
39.959030 -120.168784   0.16880092     2050   224706 6 1 3 3
39.925829 -120.193951   0.03240341     1742   218944 0 1 3 3
39.911136 -120.150871   0.28987594     1936   212162 7 1 3 3
39.897488 -120.116800   0.07452436     2053   215157 6 1 3 3
39.870374 -120.129282   0.00816010     1819   212016 7 1 3 3
39.867500 -120.121667   0.00984833     1870   212354 7 1 3 3
40.500833 -121.073750   0.00376341     1815   183427 0 6 3 3
40.500833 -121.061250   0.00041816     1790   183580 0 6 3 3
40.470409 -121.079807   0.12034737     1789   174948 6 6 3 3
40.488333 -121.061250   0.00585529     1781   181544 0 6 3 3
40.416157 -121.330466   0.04675370     1604   174077 6 6 3 3
40.397500 -121.311250   0.00209400     1572   174077 0 6 3 3
40.432083 -121.072500   0.00906935     1763   173699 6 6 3 3
40.151779 -121.266824   0.10368624     1356   114346 6 6 3 3
40.141809 -121.240061   0.05745039     1389   114116 6 6 3 3
40.375833 -121.375833   0.00027929     1665   177378 0 3 3 3
40.381944 -121.325020   0.01466134     1608   171977 1 3 3 3
40.382229 -121.309990   0.00600398     1555   171638 0 3 3 3
40.364442 -121.391888   0.03044745     1625   175780 6 3 3 3
40.361876 -121.341633   0.11383642     1590   169523 6 3 3 3
40.369988 -121.308016   0.00935689     1558   170101 6 3 3 3
40.260018 -121.332218   0.07839431     1522   150517 6 3 3 3
40.258943 -121.298270   0.05217549     1501   144263 6 3 3 3
40.240300 -121.332336   0.06220743     1523   145822 6 3 3 3
40.217733 -121.280633   0.30015284     1483   137328 6 3 3 3
40.200018 -121.225298   0.13753609     1419   128523 6 3 3 3
40.190417 -121.186250   0.00147030     1373   128562 0 3 3 3
40.169303 -121.320637   0.03018605     1568   122985 1 3 3 3
40.160887 -121.283998   0.25630871     1483   114401 1 3 3 3
40.174868 -121.229425   0.09113044     1483   113931 6 3 3 3
40.186250 -121.186250   0.00063017     1369   128261 0 3 3 3
40.080833 -121.319583   0.01192164     1663   110073 1 3 3 3
40.090282 -121.270398   0.21077702     1450   104248 1 3 3 3
40.108150 -121.238943   0.06897548     1380   109533 1 3 3 3
40.032891 -121.327865   0.05684230     1482    97428 1 3 3 3
40.041716 -121.280705   0.10735833     1320    93516 1 3 3 3
40.055833 -121.246667   0.00561225     1124   101378 0 3 3 3
40.515574 -121.078350   0.05211807     1847   183651 6 3 3 3
40.505167 -121.056917   0.00822311     1801   183657 0 3 3 3
40.458186 -121.068095   0.03689518     1782   175149 6 3 3 3
40.458135 -121.045708   0.12885839     1780   172851 6 3 3 3
40.432083 -121.065417   0.00634854     1760   173436 6 3 3 3
40.410313 -121.026410   0.28858576     1715   162059 6 3 3 3
40.409129 -120.978576   0.11192612     1769   168361 1 3 3 3
40.405833 -120.936250   0.00083753     1934   179281 0 3 3 3
40.371667 -121.035000   0.01117230     1656   160924 6 3 3 3
40.321840 -120.878264   0.01006440     1857   170361 6 3 3 3
40.323678 -120.863716   0.04597416     2018   171364 6 3 3 3
40.309315 -120.878512   0.00391401     1801   170137 0 3 3 3
40.297277 -120.849535   0.08004178     2042   170878 1 3 3 3
40.552619 -121.226071   0.00090600     2260   180823 0 3 3 3
40.507778 -121.147500   0.03086868     1965   191119 5 3 3 3
40.467657 -121.214919   0.18121757     2151   171849 6 3 3 3
40.481473 -121.153392   0.10778029     2009   170721 1 3 3 3
40.418871 -121.206157   0.14933728     1989   162783 1 3 3 3
40.414696 -121.176028   0.09838342     1899   164048 6 3 3 3
40.021589 -121.396797   0.08984628     1914    87352 1 16 3 3
40.016026 -121.346968   0.18810963     1775    85092 1 16 3 3
40.012604 -121.307865   0.01123138     1660    92445 5 16 3 3
39.992840 -121.341207   0.06881851     1890    83370 1 16 3 3
40.125833 -121.000833   0.00028032     1559   165259 0 3 3 3
40.134311 -120.964068   0.09739462     1270   154952 1 3 3 3
40.131556 -120.918245   0.05367275     1149   147589 1 3 3 3
40.065417 -121.069583   0.00834704     1572   120399 6 3 3 3
40.074690 -121.032336   0.09823799     1486   121556 6 3 3 3
40.093770 -120.965935   0.34953617     1432   131734 6 3 3 3
40.090535 -120.913793   0.20676239     1284   139072 1 3 3 3
40.072453 -120.858932   0.06985001     1259   147269 1 3 3 3
40.018521 -121.272934   0.18558622     1161    90461 1 3 3 3
40.019368 -121.226681   0.20352012      967    93532 1 3 3 3
40.033855 -121.143886   0.07129723     1173   102729 1 3 3 3
40.029538 -121.090302   0.32529959     1176   110955 6 3 3 3
40.031250 -121.031250   0.39475320     1233   119411 6 3 3 3
40.031250 -120.968750   0.39475320     1155   127854 6 3 3 3
40.018056 -120.920222   0.12637725     1411   138123 6 3 3 3
40.049197 -120.839002   0.09219468     1443   149752 1 3 3 3
40.039167 -120.811250   0.00210511     1423   158096 0 3 3 3
39.993228 -121.272012   0.06432772     1098    87940 1 3 3 3
39.992767 -121.219117   0.08779083     1387    94405 1 3 3 3
39.975535 -121.151941   0.25764005     1636   102940 1 3 3 3
39.963042 -121.089911   0.27683977     1425   119264 1 3 3 3
39.968750 -121.031250   0.39511469     1278   120143 6 3 3 3
39.973882 -120.972548   0.30314671     1187   140021 6 3 3 3
39.983837 -120.904642   0.18710122     1211   142913 6 3 3 3
39.964252 -120.845844   0.21909823     1408   151756 6 3 3 3
39.946810 -120.794943   0.07243581     1515   164521 6 3 3 3
39.932083 -121.125833   0.00182729     2029   178882 0 3 3 3
39.915663 -121.090850   0.25696123     1406    87871 1 3 3 3
39.909454 -121.029224   0.34555632     1327    91398 6 3 3 3
39.921639 -120.969080   0.15773277     1419   154684 1 3 3 3
39.911983 -120.903375   0.24493790     1362   109370 1 3 3 3
39.903185 -120.844837   0.34175112     1349   106501 6 3 3 3
39.911690 -120.784526   0.28015115     1402   109949 6 3 3 3
39.901033 -120.727011   0.12937252     1509   120546 6 3 3 3
39.830488 -121.092330   0.13365604     1384    72588 1 3 3 3
39.830557 -121.026198   0.18122880     1339    76068 1 3 3 3
39.831263 -120.988339   0.05039088     1258    83776 6 3 3 3
39.851891 -120.901816   0.17632819     1451    93312 1 3 3 3
39.846691 -120.845307   0.30956149     1429   101122 6 3 3 3
39.852529 -120.778256   0.19273117     1485   109895 6 3 3 3
39.833192 -120.721389   0.25581183     1527   118130 6 3 3 3
39.823304 -120.679353   0.03878332     1452   125870 6 3 3 3
39.772500 -121.190417   0.00493107     1457    59441 0 3 3 3
39.786442 -121.150920   0.18523174     1227    60036 1 3 3 3
39.787491 -121.091769   0.25785088     1322    64743 1 3 3 3
39.789261 -121.032629   0.28770538     1401    73617 1 3 3 3
39.790880 -120.986960   0.10380314     1422    79353 1 3 3 3
39.797921 -120.826886   0.07401186     1563   111259 1 3 3 3
39.788149 -120.800112   0.04049588     1640   112339 0 3 3 3
39.796742 -120.705221   0.12291388     1543   129673 1 3 3 3
39.775863 -120.664115   0.22348948     1481   131686 1 3 3 3
39.754282 -120.620374   0.00817339     1420   142255 6 3 3 3
39.744988 -120.642935   0.03777717     1619   141686 1 3 3 3
39.742500 -120.617500   0.02283376     1528   143521 1 3 3 3
39.944583 -120.205833   0.01194547     1725   222616 7 6 3 3
39.919042 -120.203101   0.04920558     1710   218017 6 6 3 3
39.908359 -120.178801   0.02320000     1720   218835 0 6 3 3
40.318368 -121.203403   0.01677121     1380   152521 0 9 3 3
40.333689 -120.946809   0.05729370     1582   164254 6 9 3 3
40.340208 -120.932865   0.02235283     1581   164964 6 9 3 3
40.297490 -121.204698   0.06081702     1375   149080 0 9 3 3
40.301886 -121.183399   0.01328004     1375   148964 0 9 3 3
40.295857 -120.951795   0.07479891     1544   159118 6 9 3 3
40.274735 -120.921795   0.12516840     1556   162432 6 9 3 3
40.065417 -120.214167   0.00280571     2046   247711 8 3 3 3
40.057083 -120.207756   0.00862860     1996   248961 8 3 3 3
39.951016 -120.136681   0.03295281     2225   227259 1 3 3 3
39.934083 -120.128833   0.00351391     2205   227244 0 3 3 3
39.917353 -120.110147   0.04168409     2244   218088 7 3 3 3
40.346026 -120.957566   0.11456454     1637   161218 6 2 3 3
40.362604 -120.932865   0.01117358     1712   169962 1 2 3 3
40.379094 -121.007899   0.01284555     1644   162420 6 3 3 3
40.387531 -120.965709   0.14938329     1729   167374 1 3 3 3
40.385087 -120.926266   0.04250508     1736   174283 1 3 3 3
40.339167 -121.318686   0.04541477     1593   165387 6 3 3 3
40.332435 -121.285970   0.22453166     1494   157846 6 3 3 3
40.330303 -121.217977   0.18899653     1431   152138 6 3 3 3
40.336018 -121.156181   0.29517032     1623   150398 6 3 3 3
40.324823 -121.100208   0.13378773     1549   148496 6 3 3 3
40.338974 -121.025252   0.29557952     1598   149522 6 3 3 3
40.345645 -120.980856   0.21765598     1603   158016 6 3 3 3
40.357578 -120.903993   0.18606816     1679   167594 6 3 3 3
40.355833 -120.871667   0.01676170     1755   175302 6 3 3 3
40.284493 -121.269639   0.23216176     1450   141208 6 3 3 3
40.283457 -121.234013   0.19022827     1385   149101 6 3 3 3
40.285769 -121.146318   0.23249002     1458   142521 6 3 3 3
40.294656 -121.096907   0.20868876     1478   142379 6 3 3 3
40.299732 -121.030515   0.15694821     1548   147725 6 3 3 3
40.301284 -120.983238   0.08276485     1556   155597 6 3 3 3
40.240119 -121.259816   0.04310122     1438   138121 6 3 3 3
40.227449 -121.216805   0.23610681     1411   129210 6 3 3 3
40.208499 -121.159071   0.16125800     1417   129287 6 3 3 3
40.195258 -121.092588   0.05145635     1426   134013 1 3 3 3
40.199285 -121.045466   0.07637735     1473   137222 6 3 3 3
40.186250 -121.134167   0.00462123     1480   139715 0 3 3 3
40.178145 -121.081783   0.06127178     1423   131143 6 3 3 3
40.181631 -121.052464   0.02513934     1403   170848 6 3 3 3
40.391035 -121.279932   0.18735190     1708   162972 1 3 3 3
40.383003 -121.225616   0.06700045     1788   160978 1 3 3 3
40.390840 -121.152364   0.18427631     1784   158189 6 3 3 3
40.393585 -121.087155   0.19613849     1784   157546 1 3 3 3
40.395260 -121.052441   0.08556659     1801   162877 1 3 3 3
40.358576 -121.272657   0.15757437     1574   160064 1 3 3 3
40.359596 -121.220905   0.18718798     1587   156369 1 3 3 3
40.367083 -121.156458   0.09776842     1710   154495 6 3 3 3
40.353520 -121.090417   0.25915452     1651   150301 1 3 3 3
40.356506 -121.051330   0.08617761     1697   151458 6 3 3 3
40.315417 -120.940417   0.00342437     1545   163845 0 6 3 3
40.326684 -120.906156   0.15657704     1735   164609 6 6 3 3
40.315417 -120.750833   0.00090850     2017   184663 0 6 3 3
40.315417 -120.746667   0.00384367     1992   184625 0 6 3 3
40.270628 -121.073088   0.08979782     1555   140794 6 6 3 3
40.267462 -121.033935   0.21397703     1742   143162 1 6 3 3
40.263375 -120.975861   0.10957901     1586   156028 6 6 3 3
40.285449 -120.897240   0.24912248     1678   163353 6 6 3 3
40.269855 -120.847789   0.23221436     1886   170319 1 6 3 3
40.269634 -120.790607   0.14252111     1849   178422 1 6 3 3
40.311250 -120.746667   0.00167735     1926   184309 0 6 3 3
40.232211 -121.069176   0.05010212     1467   136928 6 6 3 3
40.229866 -121.031082   0.25331001     1830   137468 6 6 3 3
40.224306 -120.967438   0.31240271     1864   160833 1 6 3 3
40.220048 -120.905610   0.36154059     1683   160948 1 6 3 3
40.237519 -120.853110   0.12035638     1739   171084 1 6 3 3
40.246667 -120.807083   0.00727551     1854   175839 0 6 3 3
40.186250 -120.897500   0.00630168     1876   161677 0 6 3 3
40.017138 -121.511237   0.04520098     1566    74808 1 6 3 3
40.000833 -121.496667   0.00112335     1586    75323 0 6 3 3
39.964192 -121.518085   0.19191762     1305    61661 1 6 3 3
39.982802 -121.492159   0.04803158     1546    71536 1 6 3 3
39.910280 -121.528822   0.16309957     1072    52905 1 6 3 3
39.785000 -121.572500   0.02655544      635    37322 6 6 3 3
39.735000 -121.572500   0.00859927      517    31998 6 6 3 3
39.815417 -121.572500   0.00492800      562    43139 6 6 3 3
39.783036 -121.567049   0.03973219      533    34344 6 6 3 3
39.772764 -121.557260   0.04972344      561    34398 6 6 3 3
39.722531 -121.568758   0.04208983      463    28758 6 6 3 3
39.735503 -121.557673   0.02988011      446    29052 6 6 3 3
40.460484 -121.483921   0.07859635     2313   196198 6 3 3 3
40.404314 -121.472355   0.11195672     1924   187975 6 3 3 3
40.363333 -121.468333   0.03680409     1773   186093 6 3 3 3
39.875833 -120.405833   0.00140676     1804   185760 0 3 3 3
39.875833 -120.210000   0.00281352     1806   203307 0 3 3 3
39.878333 -120.152500   0.01406426     1789   211916 0 3 3 3
39.860000 -120.440417   0.00984959     1646   175262 0 3 3 3
39.847567 -120.408932   0.24908972     1653   170564 7 3 3 3
39.847500 -120.319583   0.01196240     1612   185017 7 3 3 3
39.848551 -120.273487   0.07810403     1718   185094 7 3 3 3
39.853376 -120.219357   0.16605400     1679   194224 7 3 3 3
39.848203 -120.155559   0.24023831     1697   199548 6 3 3 3
39.834289 -120.115724   0.07044374     1737   208721 10 3 3 3
39.783071 -120.137219   0.14271152     1599   202789 10 3 3 3
39.787157 -120.116232   0.08766573     1676   207842 7 3 3 3
39.690417 -120.440417   0.00345586     1554   194877 6 3 3 3
39.690417 -120.427917   0.01135498     1507   192385 0 3 3 3
39.742500 -120.143796   0.03552003     1821   204394 10 3 3 3
39.656408 -120.446492   0.07841096     1555   195053 6 3 3 3
39.662746 -120.432173   0.04930248     1512   192615 6 3 3 3
39.621667 -120.430833   0.00564784     1541   200661 6 3 3 3
39.855833 -120.375833   0.00140717     1559   181007 0 3 3 3
39.843949 -120.343605   0.08092678     1558   179767 7 3 3 3
39.835399 -120.279656   0.08094159     1534   184199 8 3 3 3
39.836540 -120.216096   0.06474701     1542   192457 7 3 3 3
39.840675 -120.155251   0.08163159     1554   199433 6 3 3 3
39.819583 -120.105833   0.01027760     1695   210581 7 3 3 3
39.771011 -120.388029   0.10031691     1521   176760 7 3 3 3
39.768084 -120.366137   0.06030096     1494   178032 10 3 3 3
39.765205 -120.196073   0.02916566     1528   196446 10 3 3 3
39.784374 -120.160780   0.11875299     1541   200236 7 3 3 3
39.811250 -120.105833   0.00197130     1746   210696 0 3 3 3
39.703403 -120.443368   0.01692396     1525   194877 7 3 3 3
39.715305 -120.400570   0.23026250     1514   181925 10 3 3 3
39.732072 -120.367936   0.05384839     1494   182001 8 3 3 3
39.710000 -120.254405   0.01974469     1495   193294 10 3 3 3
39.714040 -120.219310   0.19633954     1527   194022 10 3 3 3
39.737217 -120.182783   0.00881000     1621   200837 7 3 3 3
39.670254 -120.406443   0.14462928     1499   189374 10 3 3 3
39.665029 -120.320517   0.04092459     1550   192084 10 3 3 3
39.640324 -120.298634   0.05081422     1608   193488 6 3 3 3
39.659527 -120.215257   0.24351471     1586   197005 6 3 3 3
39.647159 -120.183528   0.01404382     1727   204489 7 3 3 3
39.618782 -120.219936   0.01835636     1696   206288 6 3 3 3
39.824433 -120.401164   0.10656966     1519   169036 10 12 3 3
39.826890 -120.348786   0.16081204     1501   175862 10 12 3 3
39.821303 -120.284561   0.10592802     1501   183004 10 12 3 3
39.824718 -120.217592   0.11999384     1509   190798 11 12 3 3
39.822537 -120.161817   0.05849489     1520   200118 10 12 3 3
39.805448 -120.396696   0.05958007     1523   170717 6 12 3 3
39.783613 -120.339732   0.33592206     1494   176169 10 12 3 3
39.781250 -120.281250   0.39619633     1495   183196 11 12 3 3
39.782917 -120.221384   0.35716722     1498   190338 11 12 3 3
39.802641 -120.177641   0.04147344     1510   199270 8 12 3 3
39.697938 -120.384491   0.01086010     1494   186795 0 12 3 3
39.716656 -120.339949   0.34270897     1494   182615 10 12 3 3
39.719208 -120.282656   0.37679567     1494   185997 10 12 3 3
39.731790 -120.233056   0.11418683     1498   192947 10 12 3 3
39.625833 -120.440417   0.00098831     1549   207657 0 12 3 3
39.644669 -120.399980   0.20155260     1499   189297 10 12 3 3
39.665122 -120.355136   0.17152990     1500   189067 10 12 3 3
39.679715 -120.276823   0.09136440     1505   191868 11 12 3 3
39.677266 -120.242760   0.02708741     1510   196148 10 12 3 3
39.621667 -120.440417   0.00395349     1518   206948 0 12 3 3
39.598580 -120.399814   0.28067004     1527   197414 7 12 3 3
39.593136 -120.358245   0.18009287     1517   197699 11 12 3 3
39.561250 -120.384167   0.00466353     1645   207296 0 12 3 3
39.561250 -120.367500   0.00381562     1609   207628 0 12 3 3
40.018492 -121.525675   0.05096349     1485    75802 1 3 3 3
39.978193 -121.529416   0.06763535     1399    66675 1 3 3 3
39.960473 -121.480876   0.14232691     1635    65707 1 3 3 3
39.885735 -121.569583   0.00907212      968    54417 1 3 3 3
39.897378 -121.517227   0.12874821     1014    51802 1 3 3 3
39.910914 -121.487389   0.14832181     1249    57813 1 3 3 3
39.844812 -121.567702   0.01548223      773    46024 1 3 3 3
39.851912 -121.528615   0.27380777      881    46456 1 3 3 3
39.837668 -121.483153   0.15509386     1089    45721 1 3 3 3
39.811250 -121.460000   0.00844850      733    54010 0 3 3 3
39.758549 -121.539475   0.03804695      580    35376 6 6 3 3
39.754405 -121.482024   0.00986445      669    45085 1 6 3 3
39.695171 -121.570171   0.00839235      329    26821 7 6 3 3
39.715246 -121.528857   0.31972975      523    20634 6 6 3 3
39.716514 -121.483156   0.17666192      565    20634 6 6 3 3
39.690417 -121.414167   0.00493695      376    29052 0 6 3 3
39.682083 -121.565417   0.00606613      291    26035 7 6 3 3
39.659731 -121.524627   0.27935420      371    13572 6 6 3 3
39.665918 -121.465050   0.12544127      460    12526 6 6 3 3
39.646130 -121.426121   0.06958572      599    15673 6 6 3 3
39.599345 -121.508840   0.08115697      395     8820 6 6 3 3
39.597412 -121.469678   0.24159608      379     5078 6 6 3 3
39.597968 -121.422711   0.17330369      527     7945 6 6 3 3
39.533482 -121.462834   0.11805071      288      278 7 6 3 3
39.528399 -121.408163   0.21752458      439     7408 6 6 3 3
39.523351 -121.349987   0.12909267      415    14847 6 6 3 3
39.545675 -121.278750   0.07420632      462    22334 1 6 3 3
39.547500 -121.242500   0.01272125      612    32618 1 6 3 3
39.496667 -121.375833   0.00113162      579    20941 0 6 3 3
39.496667 -121.367500   0.01018445      546    20494 6 6 3 3
39.944583 -121.547500   0.00829175     1268    61738 0 3 3 3
39.908465 -121.571645   0.06285838     1020    54301 1 3 3 3
39.910118 -121.552618   0.09435275     1042    53276 1 3 3 3
39.500833 -121.343333   0.00565769      688    21050 0 3 3 3
39.489167 -121.375833   0.00028292      589    21574 0 3 3 3
39.491125 -121.352417   0.04979761      680    21088 6 3 3 3
39.518938 -121.144163   0.00007067     1179    47772 1 3 3 3
39.690417 -121.035000   0.00987389     1542    66902 1 6 3 3
39.657866 -121.068872   0.02893136     1382    60609 1 6 3 3
39.652268 -121.037948   0.15218903     1438    60634 1 6 3 3
39.577917 -121.137590   0.02613776     1088    46167 1 6 3 3
39.588838 -121.068005   0.00148297     1294    54956 1 6 3 3
39.555809 -121.129657   0.00600624     1136    47810 1 6 3 3
39.536562 -121.088495   0.00070662     1100    49561 1 6 3 3
39.514214 -121.331798   0.09899069      651    18011 1 6 3 3
39.529129 -121.285066   0.12067154      793    22449 1 6 3 3
39.534048 -121.241071   0.01837798      683    31816 0 6 3 3
39.496667 -121.322500   0.00360699      799    23382 0 6 3 3
40.190417 -121.440417   0.00210043     1936   162044 0 3 3 3
40.194125 -121.413977   0.01190192     2036   155972 5 3 3 3
40.230833 -121.364167   0.00363860     1963   155701 1 3 3 3
40.169583 -121.440417   0.01548198     1930   161334 1 3 3 3
40.175857 -121.433531   0.01813551     1886   160184 1 3 3 3
39.586646 -120.470706   0.19982347     2131   208268 1 3 3 3
39.577436 -120.423679   0.09118861     1861   205113 1 3 3 3
39.536698 -120.466401   0.04438542     2308   212674 6 3 3 3
39.542790 -120.414230   0.19323825     2081   207612 1 3 3 3
39.695915 -120.568651   0.01544471     1865   152377 1 3 3 3
39.716351 -120.518486   0.04871885     1778   152300 6 3 3 3
39.711234 -120.478742   0.17978178     1639   158062 6 3 3 3
39.636946 -120.578225   0.00148117     2024   154067 1 3 3 3
39.650195 -120.530181   0.09961869     2048   154105 1 3 3 3
39.653025 -120.471588   0.24513913     1819   160555 1 3 3 3
39.616241 -120.463457   0.08593290     1879   206948 1 3 3 3
39.607396 -120.432865   0.01129766     1588   205721 6 3 3 3
39.697094 -120.729338   0.00169225     2166   147599 6 3 3 3
39.568040 -120.318040   0.01335333     1745   207318 6 3 3 3
39.569219 -120.292653   0.05658804     1898   208044 6 3 3 3
39.527045 -120.387413   0.10577314     2016   208114 1 3 3 3
39.531126 -120.343517   0.36964966     1957   207727 6 3 3 3
39.534694 -120.284100   0.32620841     1948   209626 6 3 3 3
39.544041 -120.230144   0.11053731     2066   215083 1 3 3 3
39.547500 -120.177917   0.01399384     2269   220529 1 3 3 3
39.768333 -120.190417   0.00986274     1595   199441 0 3 3 3
39.765013 -120.170221   0.09299521     1663   200204 10 3 3 3
39.712186 -120.198477   0.08602535     1679   198483 7 3 3 3
39.714964 -120.166267   0.23736593     1926   200991 6 3 3 3
39.654118 -120.195809   0.04798708     1708   203511 7 3 3 3
39.658373 -120.162069   0.27286162     1961   204806 7 3 3 3
39.621667 -120.147500   0.00564784     2091   212453 7 3 3 3
39.647500 -120.375833   0.00141143     1504   193704 0 3 3 3
39.646051 -120.338316   0.18447400     1719   191538 6 3 3 3
39.651009 -120.279371   0.25473920     1743   193495 6 3 3 3
39.640098 -120.235357   0.07833543     1690   198928 6 3 3 3
39.632752 -120.143687   0.03741075     2243   208187 7 3 3 3
39.625833 -120.121667   0.00049415     2577   217800 0 3 3 3
39.572500 -120.380000   0.00847777     1614   204151 7 3 3 3
39.595977 -120.332626   0.20383043     1684   200869 7 3 3 3
39.597823 -120.279357   0.34070990     1908   200270 6 3 3 3
39.592537 -120.218693   0.37889775     1975   206458 6 3 3 3
39.593418 -120.156454   0.39061607     2008   208417 6 3 3 3
39.595455 -120.115261   0.09172656     2415   216473 6 3 3 3
39.561250 -120.343333   0.00847915     1687   207072 0 3 3 3
39.561250 -120.259167   0.00466353     1940   214218 0 3 3 3
39.557587 -120.210860   0.04912668     2148   214428 6 3 3 3
39.557231 -120.160175   0.05873395     2074   216787 1 3 3 3
40.451667 -121.315417   0.00976415     2093   184144 0 14 3 3
40.454271 -121.307865   0.01115837     2084   184907 0 14 3 3
40.271351 -121.204342   0.14224145     1375   146599 0 14 3 3
40.272271 -121.169457   0.14755085     1375   141875 0 14 3 3
40.261797 -121.106364   0.09482963     1376   140302 0 14 3 3
40.283437 -121.010729   0.02237341     1545   153443 6 14 3 3
40.274965 -120.963121   0.12614913     1541   155481 0 14 3 3
40.258704 -120.933241   0.01510668     1541   162739 0 14 3 3
40.244831 -121.196710   0.02000883     1376   145908 0 14 3 3
40.230319 -121.152894   0.20643229     1376   137538 0 14 3 3
40.220578 -121.098170   0.29211191     1375   133352 0 14 3 3
40.246667 -120.940417   0.00391755     1542   163481 0 14 3 3
40.246667 -120.932083   0.00727545     1541   163967 0 14 3 3
40.190417 -120.597500   0.00980201     1540   194777 0 14 3 3
40.164167 -121.190417   0.00490290     1265   125005 0 14 3 3
40.144591 -121.173856   0.03853388     1264   119079 0 14 3 3
40.183399 -121.089167   0.01330537     1376   132147 0 14 3 3
40.182865 -120.592292   0.01120354     1529   194461 0 14 3 3
40.121667 -121.147500   0.00560682     1264   118337 0 14 3 3
39.940417 -120.535000   0.01967608     1796   189414 0 14 3 3
39.891199 -121.193872   0.02883317     1581    91870 0 14 3 3
39.884929 -121.176010   0.04149134     1593    93522 0 14 3 3
39.920408 -120.520717   0.14059079     1767   184559 6 14 3 3
39.894722 -120.491343   0.05062690     1767   181657 7 14 3 3
39.701667 -121.565417   0.00987257      310    27269 6 14 3 3
39.707301 -121.557246   0.01621743      312    26112 6 14 3 3
39.727045 -121.009167   0.01550788     1574    72472 6 14 3 3
39.732059 -120.982696   0.04793048     1543    74664 0 14 3 3
39.667273 -121.524684   0.05320051      289    13550 6 14 3 3
39.658676 -121.483311   0.07661830      293    12610 6 14 3 3
39.676123 -121.424293   0.01622475      324    24948 6 14 3 3
39.676667 -120.660000   0.01410837     1967   155550 1 14 3 3
39.621667 -121.500833   0.00112957      349    12847 0 14 3 3
39.585430 -121.467880   0.14430352      263     4854 0 14 3 3
39.576238 -121.406051   0.03821860      289     7667 0 14 3 3
39.591250 -121.351528   0.03390192      313    15269 6 14 3 3
39.600833 -121.107500   0.03530962     1124    50188 1 14 3 3
39.550533 -121.459226   0.09505732      265     1914 0 14 3 3
39.549521 -121.409077   0.05081186      278     7130 0 14 3 3
39.537730 -121.353707   0.04100110      274    14885 0 14 3 3
