35.767727 -118.455965   0.12448692     1088    17024 7 3 15 15
35.755198 -118.424411   0.01644397      951    15644 7 3 15 15
35.759563 -118.201468   0.05481187     1191    44673 10 3 15 15
35.714298 -118.465545   0.24614103     1030     6270 7 3 15 15
35.714421 -118.405510   0.52684436      946     6903 8 3 15 15
35.699185 -118.328352   0.14875250     1091    15585 8 3 15 15
35.705434 -118.282941   0.10591103     1062    22187 8 3 15 15
35.722125 -118.207329   0.16842648     1183    32407 8 3 15 15
35.730833 -118.186250   0.01174952     1046    38224 0 3 15 15
35.655833 -118.500833   0.00261346     1050     6104 0 3 15 15
35.663133 -118.469480   0.13131522     1033     3634 8 3 15 15
35.659838 -118.414463   0.26252153      873     4605 8 3 15 15
35.682245 -118.340401   0.07067411     1005    14051 8 3 15 15
35.686250 -118.311250   0.00117561      832    21909 0 3 15 15
35.618782 -118.428269   0.03399132     1227    11355 6 3 15 15
36.035034 -118.618593   0.00403319     2301    70306 1 6 15 15
35.983794 -118.653550   0.06651135     2079    68517 1 6 15 15
35.976970 -118.614462   0.10386032     2063    65360 1 6 15 15
35.932083 -118.601667   0.03216483     2025    65529 1 6 15 15
35.948087 -118.473826   0.11456752     1339    44265 6 6 15 15
35.922500 -118.500833   0.00260471     1143    41897 0 6 15 15
35.910413 -118.465120   0.33267736     1302    32993 6 6 15 15
35.875833 -118.436250   0.00078187     1185    36087 0 6 15 15
35.845965 -118.448101   0.24183941     1104    23975 6 6 15 15
35.837027 -118.434965   0.03845208     1363    24924 8 6 15 15
35.796420 -118.442553   0.05622676      991    18814 7 6 15 15
35.791232 -118.430629   0.08596730     1094    16963 7 6 15 15
35.758472 -118.530486   0.06264060     1813    16842 6 3 15 15
35.698750 -118.565417   0.01920011     1916    16503 1 3 15 15
35.717072 -118.530408   0.67296059     1686     8574 6 3 15 15
35.711901 -118.494154   0.10522531     1251     6589 6 3 15 15
35.694583 -118.130000   0.02664436     1672    44458 7 3 15 15
35.692360 -118.102383   0.08566480     1870    45839 6 3 15 15
35.662449 -118.575416   0.19613430     1740    14984 6 3 15 15
35.667600 -118.533056   0.45300386     1417     6104 6 3 15 15
35.656480 -118.467684   0.11734224     1060     1358 0 3 15 15
35.635371 -118.387831   0.08678626      875     9846 0 3 15 15
35.625833 -118.367500   0.00470600      910    14591 0 3 15 15
35.653794 -118.147523   0.46523379     1692    38639 7 3 15 15
35.656448 -118.094793   0.68444788     1901    45200 6 3 15 15
35.648141 -118.053237   0.08428220     1829    62617 6 3 15 15
35.604795 -118.398770   0.24229784     1233    12259 8 3 15 15
35.594965 -118.341344   0.52938176     1513    14815 7 3 15 15
35.587385 -118.303364   0.15836657     1607    23188 7 3 15 15
35.599318 -118.147472   0.36693297     1817    41467 6 3 15 15
35.610162 -118.112928   0.09623002     1992    48546 6 3 15 15
35.527238 -118.327941   0.29399272     2092    46759 6 3 15 15
35.528221 -118.286961   0.57961001     1778    42707 6 3 15 15
35.500833 -118.246667   0.00209482     1680    49303 7 3 15 15
35.465790 -118.334432   0.49645172     2014    69171 6 3 15 15
35.471300 -118.283296   0.65422030     1828    49434 6 3 15 15
35.469726 -118.244098   0.06902226     1733    49488 7 3 15 15
35.429322 -118.334689   0.12031304     2161    75783 6 3 15 15
35.428100 -118.298820   0.06644030     2071    76083 6 3 15 15
35.783138 -118.449991   0.06131877      890    18235 7 2 15 15
35.762278 -118.428972   0.05872408      840    14618 7 2 15 15
35.750833 -118.305833   0.00261035     1411    33807 0 2 15 15
35.750833 -118.190417   0.00182724      954    43816 0 2 15 15
35.757073 -118.138643   0.05089643     1026    43238 7 2 15 15
35.759307 -118.094887   0.13963909     1145    48415 8 2 15 15
35.750833 -118.061250   0.00078310     1582    55228 0 2 15 15
35.707952 -118.452441   0.09271728      850     6158 7 2 15 15
35.727154 -118.423535   0.11410532      821     9041 7 2 15 15
35.705134 -118.351241   0.09742459      994    13163 8 2 15 15
35.710752 -118.291092   0.27862814     1030    22018 8 2 15 15
35.701360 -118.216824   0.20138348      881    28975 8 2 15 15
35.726820 -118.157314   0.36817590      946    37006 8 2 15 15
35.730893 -118.099588   0.25456545     1100    46772 8 2 15 15
35.701670 -118.057139   0.02925395     1374    55343 8 2 15 15
35.666216 -118.473299   0.08936743      849      131 7 2 15 15
35.645505 -118.400715   0.12889099      865     6356 8 2 15 15
35.654678 -118.344965   0.63297682      843    11462 0 2 15 15
35.660439 -118.278444   0.54097159      842    19602 11 2 15 15
35.662836 -118.227293   0.18945276      923    28134 8 2 15 15
35.680833 -118.065417   0.00914425     1552    62857 8 2 15 15
35.681849 -118.056849   0.02090086     1446    60773 7 2 15 15
35.614821 -118.412976   0.07321538     1000    11425 8 2 15 15
35.620321 -118.338323   0.05098514     1096    15889 8 2 15 15
35.589332 -118.263844   0.19749053     1027    24357 8 2 15 15
35.590656 -118.229718   0.27315063     1039    32609 8 2 15 15
35.565417 -118.173750   0.03021961     1325    49642 9 2 15 15
35.554405 -118.260357   0.04396183     1139    40994 7 2 15 15
35.539999 -118.216238   0.33046289     1117    40956 9 2 15 15
35.558528 -118.168934   0.02603781     1276    49364 8 2 15 15
35.496667 -118.210000   0.02094927     1232    53554 8 2 15 15
36.072220 -118.135167   0.07149210     2016    96908 6 1 15 15
36.085000 -118.121667   0.02079475     2031    99068 6 1 15 15
36.004758 -118.199646   0.04475156     2121    88838 6 1 15 15
36.026819 -118.147368   0.46695197     1969    87803 7 1 15 15
36.021259 -118.097053   0.46300131     2029    90072 7 1 15 15
36.011465 -118.049405   0.09571800     2242    99129 7 1 15 15
35.993931 -118.199877   0.06063868     1936    86732 6 1 15 15
35.973875 -118.143167   0.27256654     1954    78478 7 1 15 15
35.968750 -118.093750   0.73214490     2118    83255 6 1 15 15
35.968428 -118.035358   0.61195740     2249    82580 6 1 15 15
35.940417 -117.996667   0.00729153     2261    82542 6 1 15 15
35.928323 -118.136555   0.08543285     1956    77861 7 1 15 15
35.914348 -118.088113   0.49097509     2303    73256 6 1 15 15
35.906250 -118.031250   0.73272405     2175    74578 7 1 15 15
35.907009 -117.993185   0.13413491     2153    75380 7 1 15 15
35.850833 -118.065417   0.05292341     2043    66468 6 1 15 15
35.844815 -118.031741   0.66629907     1960    64393 7 1 15 15
35.871667 -117.992500   0.01681155     2098    74818 6 1 15 15
35.787985 -118.082674   0.18393314     1568    54008 10 1 15 15
35.783412 -118.030890   0.53268659     1875    56376 6 1 15 15
35.720504 -118.013418   0.24128843     1879    60430 10 1 15 15
35.701549 -117.994773   0.04936238     2016    66346 10 1 15 15
35.682177 -118.016059   0.03200507     1772    64176 7 1 15 15
35.686250 -117.996667   0.00195935     2031    66924 0 1 15 15
35.760000 -118.190417   0.01827033     1061    44002 0 2 15 15
35.761522 -118.157132   0.18008707     1260    42768 7 2 15 15
35.766573 -118.092835   0.17356092     1318    49294 8 2 15 15
35.763534 -118.050121   0.10308392     1549    55113 7 2 15 15
35.691924 -118.200257   0.04297009      932    32500 0 2 15 15
35.711217 -118.156113   0.32787628     1151    36875 8 2 15 15
35.716641 -118.088104   0.39419780     1352    48817 8 2 15 15
35.718567 -118.039923   0.45060224     1507    55305 8 2 15 15
35.630000 -118.319583   0.02666592     1164    20305 9 2 15 15
35.644318 -118.288937   0.19289669     1048    20250 11 2 15 15
35.653963 -118.215783   0.54558993     1192    27834 8 2 15 15
35.660483 -118.171294   0.26981144     1294    37214 7 2 15 15
35.686250 -118.065417   0.00274309     1656    63304 0 2 15 15
35.668458 -118.039002   0.22877814     1614    60904 7 2 15 15
35.621667 -118.319583   0.01777947     1173    22628 8 2 15 15
35.598701 -118.281079   0.37975183     1279    24357 8 2 15 15
35.595578 -118.212270   0.46246083     1194    32832 8 2 15 15
35.590559 -118.165093   0.33006705     1596    40828 8 2 15 15
35.537800 -118.260000   0.11255049     1291    42145 7 2 15 15
35.524244 -118.220661   0.40367792     1299    42730 7 2 15 15
35.529195 -118.159714   0.60291787     1503    49172 9 2 15 15
35.480833 -118.250833   0.00261917     1508    61300 0 2 15 15
35.472301 -118.213344   0.53230763     1440    53870 9 2 15 15
35.473572 -118.167719   0.40940189     1574    56193 9 2 15 15
35.436250 -118.194583   0.00262071     1665    62466 0 2 15 15
35.436250 -118.182083   0.00497923     1666    63470 0 2 15 15
35.500833 -118.355833   0.00261852     2315    74233 0 3 15 15
35.455833 -118.375833   0.00026201     2412    81113 0 3 15 15
35.475729 -118.358021   0.11996379     2321    73986 1 3 15 15
36.339167 -118.105833   0.03070178     3099   151696 10 1 15 15
36.272500 -118.125833   0.00259313     3371   148200 0 1 15 15
36.272500 -118.121667   0.00881658     3488   148385 10 1 15 15
36.275544 -118.515041   0.29872371     2058    96125 6 3 15 15
36.272012 -118.493228   0.11875306     2160    96966 6 3 15 15
36.234604 -118.518992   0.21741179     1940    91619 6 3 15 15
36.230186 -118.465884   0.26126514     2019    86449 6 3 15 15
36.202489 -118.400393   0.08227225     1977    86567 6 3 15 15
36.205750 -118.348358   0.16947522     1866    87685 6 3 15 15
36.158391 -118.389942   0.33503542     1746    80156 6 3 15 15
36.159741 -118.363896   0.24017805     1756    84330 7 3 15 15
36.118626 -118.382477   0.03845492     1677    83010 7 3 15 15
36.116714 -118.364748   0.05508209     1928    84700 7 3 15 15
36.065417 -118.500833   0.00181999     1664    66868 0 3 15 15
36.065417 -118.496667   0.00727998     1644    65526 6 3 15 15
36.022846 -118.581739   0.34546919     2153    64471 1 3 15 15
36.031256 -118.536414   0.46714862     1760    58984 6 3 15 15
36.056471 -118.492990   0.02652243     1655    64091 6 3 15 15
35.955833 -118.625833   0.00130177     1970    68926 0 3 15 15
35.968074 -118.587856   0.56949496     1891    60291 6 3 15 15
35.973944 -118.542008   0.41840661     1593    48346 6 3 15 15
35.913190 -118.574263   0.14080540     2124    51193 1 3 15 15
35.896024 -118.551620   0.09757827     2038    39969 1 3 15 15
35.893323 -118.478200   0.16883786     1182    33441 6 3 15 15
35.845398 -118.570248   0.15555829     2275    37215 6 3 15 15
35.848766 -118.527816   0.33436845     1937    29161 6 3 15 15
35.842660 -118.478910   0.49145636     1335    23866 6 3 15 15
35.823258 -118.334889   0.18763708     2411    35186 6 3 15 15
35.819712 -118.291942   0.04629255     2274    42866 6 3 15 15
35.820873 -118.235457   0.08423578     2056    55382 6 3 15 15
35.791182 -118.572000   0.10566372     2158    35195 1 3 15 15
35.795754 -118.523746   0.14609823     1676    28104 6 3 15 15
35.784190 -118.475426   0.44800012     1367    13959 6 3 15 15
35.785000 -118.375833   0.01043691     1796    20613 0 3 15 15
35.786939 -118.343173   0.54024408     2083    20744 7 3 15 15
35.781832 -118.277618   0.52253502     2178    34836 7 3 15 15
35.789422 -118.240596   0.17922082     2269    50508 6 3 15 15
35.736845 -118.471806   0.21932647     1368    10185 6 3 15 15
35.742500 -118.260000   0.04699119     2133    34050 7 3 15 15
36.193368 -118.470069   0.09343032     1953    83093 6 3 15 15
36.152397 -118.514923   0.25194357     2057    78626 1 3 15 15
36.163691 -118.472536   0.48038865     1910    72739 6 3 15 15
36.162652 -118.433788   0.02856149     1648    77740 6 3 15 15
36.116694 -118.464973   0.08055210     1689    69182 6 3 15 15
35.901667 -118.565417   0.01771723     2285    50455 1 3 15 15
35.891683 -118.526591   0.27361185     1770    39893 6 3 15 15
35.895349 -118.493038   0.08077109     1365    38110 6 3 15 15
35.839545 -118.534129   0.39891807     2022    30350 6 3 15 15
35.789167 -118.565417   0.01826363     2003    35550 1 3 15 15
35.780917 -118.532487   0.50415445     1724    16241 6 3 15 15
35.767500 -118.496667   0.04384467     1564    16110 0 3 15 15
35.746667 -118.520530   0.02297227     1702    15368 0 3 15 15
35.746667 -118.496667   0.00835355     1564    15176 0 3 15 15
36.452174 -118.275910   0.22637555     3178   138846 10 16 15 15
36.458397 -118.243782   0.03362937     3281   142333 8 16 15 15
36.386269 -118.318926   0.05748486     2846   122554 6 16 15 15
36.399810 -118.279355   0.50350520     2957   124474 10 16 15 15
36.387959 -118.218678   0.26796138     2902   149456 10 16 15 15
36.401451 -118.163364   0.27517896     3001   150629 10 16 15 15
36.359085 -118.320302   0.05258196     2697   122937 10 16 15 15
36.353744 -118.277625   0.44430925     2788   124896 7 16 15 15
36.350899 -118.218761   0.55299229     2709   141285 8 16 15 15
36.343143 -118.156931   0.70438759     2804   141131 8 16 15 15
36.332083 -118.117500   0.09897510     2990   149181 10 16 15 15
36.307083 -118.190417   0.01179361     2604   140390 7 16 15 15
36.301356 -118.150898   0.23009072     2718   139734 7 16 15 15
36.308016 -118.119988   0.01373748     2796   146001 10 16 15 15
36.440997 -118.262309   0.03156753     2990   138623 0 1 15 15
36.444176 -118.232211   0.09223338     3188   140821 8 1 15 15
36.426993 -118.262689   0.10041930     2991   136146 8 1 15 15
36.415709 -118.220529   0.41944343     3028   139942 10 1 15 15
36.414496 -118.175779   0.09835869     2973   155806 10 1 15 15
36.337957 -118.579667   0.23823658     2747   109141 6 1 15 15
36.335000 -118.561250   0.00777316     2520   108956 0 1 15 15
36.315417 -118.351667   0.01814193     2842   113062 6 1 15 15
36.282129 -118.590436   0.43859540     2708   101270 6 1 15 15
36.277098 -118.557204   0.10760016     2452    99411 1 1 15 15
36.281776 -118.335430   0.34925545     2733    97135 6 1 15 15
36.270499 -118.285325   0.42653877     2774    99327 6 1 15 15
36.259715 -118.210625   0.15378944     2724   108113 6 1 15 15
36.268951 -118.163921   0.27098877     2797   131304 6 1 15 15
36.246667 -118.555833   0.01037595     2289    99241 1 1 15 15
36.222974 -118.320803   0.13169231     2336    92817 6 1 15 15
36.218228 -118.280079   0.68520983     2557    93952 6 1 15 15
36.228046 -118.235168   0.26775048     2707   107310 6 1 15 15
36.186250 -118.315417   0.00272579     2673    92539 0 1 15 15
36.157638 -118.272903   0.24660955     2666    93341 6 1 15 15
36.078413 -118.387450   0.07850650     2503    72624 1 1 15 15
36.072746 -118.343726   0.10736398     2364    90625 1 1 15 15
36.092678 -118.289720   0.38857050     2402    94891 6 1 15 15
36.056206 -118.377807   0.00988152     2811    73675 1 1 15 15
36.041071 -118.342376   0.40494562     2656    75548 1 1 15 15
36.047711 -118.293844   0.09232478     2480    96611 6 1 15 15
35.942470 -118.406188   0.05389873     2120    59323 1 1 15 15
35.957833 -118.343794   0.42238588     2781    53810 1 1 15 15
35.954732 -118.292138   0.15504395     2402    93408 6 1 15 15
35.926667 -118.440417   0.01823198     2066    40817 6 1 15 15
35.908832 -118.405736   0.54577817     2321    36582 6 1 15 15
35.916616 -118.348600   0.33360356     2613    39599 6 1 15 15
35.928739 -118.300204   0.08581972     2776    77787 6 1 15 15
35.861207 -118.388957   0.15328246     2254    35540 7 1 15 15
35.861761 -118.368129   0.05526066     2668    39314 6 1 15 15
36.375833 -118.530833   0.00776908     3229   112599 0 3 15 15
36.375833 -118.440417   0.00181279     3042   121291 6 3 15 15
36.391850 -118.394644   0.26536145     2654   115264 10 3 15 15
36.404417 -118.346444   0.47192125     2981   118217 7 3 15 15
36.414167 -118.311250   0.01164788     3064   125887 0 3 15 15
36.358861 -118.516833   0.15541975     2944   108147 10 3 15 15
36.336701 -118.462892   0.39839314     2987   107505 6 3 15 15
36.346134 -118.405668   0.61852723     2405   107700 6 3 15 15
36.336260 -118.345300   0.49604530     2831   105629 6 3 15 15
36.325865 -118.285645   0.26751450     3028   125382 6 3 15 15
36.319049 -118.236303   0.07074697     2721   144563 7 3 15 15
36.307767 -118.452113   0.04030883     3140   107428 1 3 15 15
36.285121 -118.390942   0.34732701     2290    97790 6 3 15 15
36.280767 -118.351397   0.37994943     2683    96934 7 3 15 15
36.296398 -118.275508   0.30270875     3105   103175 6 3 15 15
36.286515 -118.222189   0.54496627     2801   108870 6 3 15 15
36.290222 -118.170902   0.10240275     2636   136740 6 3 15 15
36.246667 -118.375833   0.00207519     1877    97011 10 3 15 15
36.238748 -118.352463   0.14061869     2018    92367 6 3 15 15
36.151610 -118.334270   0.28697672     2272    86675 6 3 15 15
36.154797 -118.287301   0.36748127     2636    93635 1 3 15 15
36.155833 -118.246667   0.01038800     2511   112493 6 3 15 15
36.082083 -118.444583   0.10385381     1678    65488 6 3 15 15
36.073326 -118.418594   0.13789149     2218    67031 1 3 15 15
36.121667 -118.297500   0.01039252     2359    97585 0 3 15 15
36.022720 -118.447587   0.17107120     1714    55552 7 3 15 15
36.033808 -118.406992   0.63322186     2505    58160 1 3 15 15
36.014787 -118.352489   0.25573160     2617    64338 1 3 15 15
36.014167 -118.307083   0.01691095     2644    99272 6 3 15 15
35.979258 -118.448885   0.18430902     1729    49212 7 3 15 15
35.969021 -118.423309   0.26420666     1920    50979 6 3 15 15
35.991482 -118.352643   0.11503727     2679    64184 1 3 15 15
35.896911 -118.384971   0.03778198     2406    39490 6 3 15 15
35.895183 -118.340330   0.31395451     2536    48256 6 3 15 15
35.889167 -118.311250   0.00390871     2533    77163 0 3 15 15
35.830640 -118.382636   0.08658437     2292    30101 7 3 15 15
35.847127 -118.355778   0.30582591     2477    31606 6 3 15 15
35.809315 -118.378512   0.00730376     2178    30031 0 3 15 15
35.807083 -118.367500   0.03051948     2292    30727 7 3 15 15
36.410749 -118.576119   0.07288967     3187   114350 10 3 15 15
36.403730 -118.557363   0.03728321     3125   113510 10 3 15 15
36.353485 -118.567673   0.07318389     2919   108377 10 3 15 15
36.338165 -118.536216   0.53745054     2515   104044 6 3 15 15
36.318167 -118.494118   0.02669292     2538   106073 6 3 15 15
36.287083 -118.565417   0.00453713     2558   101462 0 3 15 15
36.287911 -118.537595   0.32293576     2226    98145 6 3 15 15
36.298408 -118.487768   0.08217480     2365   102558 7 3 15 15
36.256667 -118.401667   0.05186195     1893    92108 6 3 15 15
36.209858 -118.592412   0.14793432     2441    99621 1 3 15 15
36.225929 -118.548867   0.20288015     2204    96010 1 3 15 15
36.225429 -118.399116   0.42813220     2137    87091 6 3 15 15
36.220000 -118.365500   0.12973357     1874    89545 6 3 15 15
36.175549 -118.597689   0.00584098     2559   103686 1 3 15 15
36.095607 -118.586881   0.09865988     2638    67833 1 3 15 15
36.077228 -118.553930   0.10033968     2406    65603 1 3 15 15
36.076280 -118.343024   0.15454756     2216    88781 6 3 15 15
36.065417 -118.311250   0.00272999     2166    95770 0 3 15 15
36.057083 -118.573750   0.03393394     2537    67332 1 3 15 15
36.053242 -118.552416   0.06488060     2290    64315 6 3 15 15
36.010147 -118.404118   0.08845607     2673    58914 1 3 15 15
36.034522 -118.320080   0.07087878     2505    96288 1 3 15 15
36.023904 -118.284741   0.44807974     2509    93437 6 3 15 15
36.015833 -118.231280   0.21333006     2395    90110 6 3 15 15
35.972207 -118.395100   0.41129076     2255    57195 6 3 15 15
35.978997 -118.338400   0.19469442     2522    63021 6 3 15 15
35.978422 -118.300328   0.20614424     2306    94951 6 3 15 15
35.996667 -118.222500   0.01040905     2060    90298 6 3 15 15
35.927682 -118.380677   0.04167459     2418    47716 1 3 15 15
35.922500 -118.371667   0.03125648     2527    48550 7 3 15 15
35.903963 -118.136378   0.12766710     2048    67909 6 3 15 15
35.889928 -118.105054   0.23970899     2250    67986 6 3 15 15
35.851531 -118.085835   0.34546506     2189    61623 6 3 15 15
35.822500 -118.061250   0.00391199     1749    65681 0 3 15 15
36.130000 -118.444583   0.02649818     1530    73333 6 3 15 15
36.130000 -118.436250   0.00467614     1461    75024 0 3 15 15
36.090341 -118.465142   0.22300796     1602    63289 6 3 15 15
36.117500 -118.436250   0.00701533     1683    75324 0 3 15 15
36.020053 -118.511166   0.18003707     1484    55945 6 3 15 15
36.028754 -118.482783   0.35713577     1488    54117 6 3 15 15
35.990710 -118.510117   0.07755756     1411    52404 6 3 15 15
35.973133 -118.470708   0.33227600     1413    47598 7 3 15 15
35.940417 -118.436250   0.00273432     1878    51071 0 3 15 15
35.914314 -118.445641   0.10824315     1591    35231 6 3 15 15
35.888199 -118.426187   0.10669864     1679    35994 6 3 15 15
35.840930 -118.414143   0.45495679     1584    25726 7 3 15 15
35.815417 -118.210000   0.01825760     1643    53637 6 3 15 15
35.782042 -118.400469   0.55501261     1356    14618 7 3 15 15
35.757567 -118.341217   0.16310123     1649    19564 7 3 15 15
35.758539 -118.295211   0.11092583     1723    33768 7 3 15 15
35.778819 -118.221344   0.32302990     1756    45638 7 3 15 15
35.735742 -118.385030   0.08564944     1128    13684 8 3 15 15
35.727424 -118.346945   0.48829574     1343    15726 8 3 15 15
35.727076 -118.274903   0.30290988     1453    27802 8 3 15 15
35.731448 -118.228404   0.32167334     1477    31052 7 3 15 15
36.073750 -118.460000   0.07019233     1521    63289 6 3 15 15
36.040754 -118.457243   0.17684242     1528    57163 6 3 15 15
36.000833 -118.147500   0.00260212     1827    87634 0 3 15 15
35.952329 -118.519126   0.23614458     1677    44150 6 3 15 15
35.958587 -118.492801   0.10100976     1459    43725 6 3 15 15
35.967889 -118.153498   0.23689407     1835    77266 8 3 15 15
35.914167 -118.565417   0.00833600     2369    50531 1 3 15 15
35.920011 -118.529484   0.35895023     1618    41935 6 3 15 15
35.924293 -118.496667   0.02396276     1230    40184 0 3 15 15
35.886269 -118.193926   0.05785232     1753    67145 6 3 15 15
35.905353 -118.167902   0.28605627     1838    64068 6 3 15 15
35.869118 -118.193167   0.02684726     1896    65595 7 3 15 15
35.870615 -118.179085   0.02788867     2168    63288 7 3 15 15
36.210359 -118.332339   0.15830043     2149    89414 6 16 15 15
36.228308 -118.301275   0.04281218     2095    98308 6 16 15 15
36.158300 -118.333565   0.20048998     2395    88101 6 16 15 15
36.172395 -118.305495   0.05789747     2627    92948 1 16 15 15
36.111311 -118.327316   0.15150783     2241    86560 6 16 15 15
36.112540 -118.305396   0.06417727     2329    94569 7 16 15 15
36.000833 -118.267500   0.01092892     2270    93516 0 16 15 15
36.000833 -118.238333   0.00728595     2167    91254 0 16 15 15
35.969232 -118.266096   0.37098084     2203    90059 6 16 15 15
35.966000 -118.220423   0.66104767     1982    81140 7 16 15 15
35.963393 -118.175189   0.22270475     1800    77845 8 16 15 15
35.897130 -118.317470   0.05393555     2673    55252 6 16 15 15
35.903351 -118.278537   0.64299708     2366    69136 7 16 15 15
35.907962 -118.220877   0.67486761     2134    66938 7 16 15 15
35.900523 -118.160046   0.23355980     1950    64183 6 16 15 15
35.875833 -118.121667   0.00208499     1918    67909 0 16 15 15
35.853588 -118.325527   0.18458057     2485    46091 6 16 15 15
35.845369 -118.280530   0.68704297     2255    65234 6 16 15 15
35.846668 -118.217822   0.60397174     1844    53637 7 16 15 15
35.842688 -118.155347   0.70540703     1814    55813 7 16 15 15
35.834604 -118.106392   0.33487659     1895    59779 7 16 15 15
35.815417 -118.057083   0.01186744     1670    63984 10 16 15 15
35.804694 -118.284167   0.09783239     2248    40418 6 16 15 15
35.787329 -118.198087   0.15668773     1386    46277 7 16 15 15
35.790758 -118.157716   0.50292319     1758    46092 7 16 15 15
35.799710 -118.102354   0.23677162     1595    52889 8 16 15 15
35.808895 -118.058895   0.00899914     1621    62457 0 16 15 15
36.258056 -118.589167   0.11255666     2580   103114 1 3 15 15
36.225444 -118.593611   0.25676316     2486   101427 1 3 15 15
36.133194 -118.543611   0.01870392     2252    79559 1 3 15 15
36.125833 -118.492500   0.00467639     2048    76142 0 3 15 15
36.132292 -118.414167   0.10389991     1668    75340 6 3 15 15
36.091741 -118.528217   0.35806168     2156    64114 6 3 15 15
36.100789 -118.485119   0.24608488     2019    66050 6 3 15 15
36.099924 -118.407268   0.46910201     2111    68156 6 3 15 15
36.097665 -118.349266   0.26248930     2013    85934 6 3 15 15
36.037260 -118.606550   0.02900866     2376    70067 1 3 15 15
36.061250 -118.522500   0.01950097     1894    63721 0 3 15 15
36.319583 -118.481569   0.04405662     2787   106124 6 3 15 15
36.320061 -118.419768   0.07904536     2423   108317 6 3 15 15
36.278417 -118.460964   0.48799773     2748    92143 6 3 15 15
36.281039 -118.423077   0.33004769     2437    92505 6 3 15 15
36.190417 -118.565417   0.00635984     2495   101248 0 3 15 15
36.201197 -118.527588   0.29650651     2159    91102 1 3 15 15
36.227047 -118.474364   0.15854472     2140    89203 6 3 15 15
36.240230 -118.428484   0.06667194     2414    89590 6 3 15 15
36.173288 -118.575365   0.04686397     2458   101325 1 3 15 15
36.162035 -118.539282   0.26594137     2344    74931 1 3 15 15
36.186250 -118.496667   0.00311519     2110    90932 0 3 15 15
36.106677 -118.526504   0.18372733     2221    69761 1 3 15 15
36.250833 -118.198750   0.00700339     2548   132020 0 2 15 15
36.261732 -118.138638   0.11537873     3007   131118 6 2 15 15
36.258316 -118.120901   0.02256323     3356   134659 6 2 15 15
36.190417 -118.250833   0.00181710     2710   107953 0 2 15 15
36.214077 -118.211233   0.40881832     2563   108138 6 2 15 15
36.219202 -118.155301   0.70519296     2540   118594 6 2 15 15
36.211822 -118.109660   0.27555641     2810   117028 6 2 15 15
36.143528 -118.254389   0.05844349     2533   108847 6 2 15 15
36.156256 -118.218347   0.72004252     2564   107409 6 2 15 15
36.156250 -118.156250   0.73040222     2506   106444 6 2 15 15
36.156727 -118.096006   0.66530039     2523   106635 6 2 15 15
36.164167 -118.061250   0.01025531     2779   114075 0 2 15 15
36.089967 -118.262042   0.26513848     2514   100609 6 2 15 15
36.093750 -118.218750   0.73098399     2483    98575 6 2 15 15
36.096083 -118.158535   0.65949305     2433    97540 6 2 15 15
36.093231 -118.094340   0.67432118     2401    97726 6 2 15 15
36.074964 -118.057411   0.04835120     2547   104424 7 2 15 15
36.045897 -118.262803   0.16332401     2613    99588 6 2 15 15
36.041320 -118.214545   0.46624219     2309    90235 6 2 15 15
36.039447 -118.172162   0.26202200     2203    90126 6 2 15 15
36.048474 -118.088056   0.26854595     2430    96336 6 2 15 15
36.032575 -118.048357   0.17309973     2438   100525 6 2 15 15
36.222500 -118.500833   0.00259479     1873    91488 0 3 15 15
36.209824 -118.467529   0.21657536     1875    82646 6 3 15 15
36.198750 -118.420301   0.15066706     1978    82723 6 3 15 15
36.143123 -118.462366   0.21571540     1743    72924 6 3 15 15
36.162876 -118.420631   0.25825513     1810    75657 6 3 15 15
36.322721 -118.206862   0.10495446     2736   141662 7 3 15 15
36.311250 -118.205833   0.01166329     2782   141547 0 3 15 15
36.207866 -118.193872   0.05320492     2598   127290 6 3 15 15
36.205833 -118.183399   0.02465384     2464   125970 6 3 15 15
36.510357 -118.458087   0.15562521     3325   132841 10 3 15 15
36.509327 -118.430080   0.05377055     3223   132387 10 3 15 15
36.482277 -118.450967   0.19734703     3003   128059 6 3 15 15
36.475532 -118.432535   0.07162853     2890   126669 6 3 15 15
36.718750 -118.406250   0.10558863     3843   156949 9 16 15 15
36.718824 -118.358482   0.00889795     3882   158461 10 16 15 15
36.656250 -118.468750   0.42307633     3648   149781 9 16 15 15
36.656250 -118.406250   0.72080755     3479   147844 9 16 15 15
36.650583 -118.352022   0.46545373     3696   150612 9 16 15 15
36.625833 -118.311250   0.00064533     4106   156083 0 16 15 15
36.593750 -118.531250   0.31432618     3482   148133 9 16 15 15
36.593750 -118.468750   0.72437219     3418   144610 10 16 15 15
36.593750 -118.406250   0.72630560     3087   139302 10 16 15 15
36.593750 -118.343750   0.72630560     3506   142172 9 16 15 15
36.589791 -118.301710   0.20437567     3809   150516 9 16 15 15
36.532644 -118.584651   0.01137431     3538   146497 7 16 15 15
36.531250 -118.531250   0.69190086     3347   138258 10 16 15 15
36.536940 -118.471654   0.57127105     3603   135595 9 16 15 15
36.533001 -118.404347   0.67316476     2970   131738 10 16 15 15
36.531250 -118.343750   0.72689343     3385   134640 10 16 15 15
36.528338 -118.283706   0.63109559     3669   140820 9 16 15 15
36.509167 -118.242500   0.03774372     3789   148877 9 16 15 15
36.479644 -118.580084   0.00504210     3514   146535 10 16 15 15
36.469023 -118.530646   0.61357789     3247   135528 7 16 15 15
36.463714 -118.475370   0.53008776     2815   127094 6 16 15 15
36.468009 -118.403378   0.65585276     2634   123266 7 16 15 15
36.468750 -118.343750   0.72748039     3238   128791 10 16 15 15
36.478592 -118.285287   0.46682318     3348   140265 10 16 15 15
36.469528 -118.234572   0.09790258     3566   143375 9 16 15 15
36.402658 -118.605430   0.03236817     3332   114942 6 16 15 15
36.406905 -118.527704   0.60464732     3286   112784 10 16 15 15
36.406326 -118.468821   0.72626110     3102   120396 6 16 15 15
36.414508 -118.412905   0.46268605     2562   116561 6 16 15 15
36.430567 -118.349026   0.13654531     3315   124516 10 16 15 15
36.415733 -118.303200   0.11246458     3142   125021 10 16 15 15
36.343667 -118.605458   0.10130812     2955   111618 6 16 15 15
36.369506 -118.507623   0.02797231     3409   110771 9 16 15 15
36.361296 -118.472956   0.25956103     3335   110956 7 16 15 15
36.290518 -118.639618   0.07376993     2910   110413 6 16 15 15
36.297257 -118.609319   0.13400969     2883   108953 6 16 15 15
36.385208 -118.334653   0.06214033     2661   118888 7 3 15 15
36.356528 -118.383472   0.03108428     2377   113503 6 3 15 15
36.364887 -118.345730   0.16187956     2599   115964 6 3 15 15
36.364167 -118.307083   0.01683554     2703   124935 7 3 15 15
35.696649 -118.448385   0.06269119      792     5733 0 14 15 15
35.701667 -118.436250   0.00783588      793     7482 0 14 15 15
35.665994 -118.457561   0.19598519      792      316 0 14 15 15
35.665145 -118.406764   0.25610087      790     4513 0 14 15 15
