39.634167 -121.061250   0.00069152     1418    73559 0 6 4 4
39.595804 -121.079926   0.15868852     1227    62070 1 6 4 4
39.621667 -121.061250   0.00553249     1360    72996 0 6 4 4
39.561250 -121.080833   0.00692161     1170    61754 0 6 4 4
39.779775 -120.904666   0.18471277     1867   101362 1 3 4 4
39.777419 -120.847625   0.18219063     1970   104053 1 3 4 4
39.721544 -121.031613   0.01750026     1694    92701 1 3 4 4
39.719255 -120.967307   0.30300660     1666    90208 1 3 4 4
39.721939 -120.901537   0.95812262     1734    94050 1 3 4 4
39.718750 -120.843750   1.25447562     1839    96587 1 3 4 4
39.721712 -120.783682   0.46482575     1935   104813 1 3 4 4
39.732090 -120.726991   0.04074877     2040   118621 1 3 4 4
39.644677 -120.960440   0.28804863     1578    82957 1 3 4 4
39.670443 -120.900699   0.44460485     1620    88163 1 3 4 4
39.664714 -120.847177   0.66145633     1822    91960 1 3 4 4
39.663353 -120.798694   0.35920091     1863   104176 1 3 4 4
39.621667 -120.980833   0.01844154     1551    80439 1 3 4 4
39.621667 -120.880000   0.02212985     1695    90771 4 3 4 4
39.611883 -120.860456   0.16693087     1737    94030 1 3 4 4
39.618782 -120.803269   0.05993788     1624   101885 1 3 4 4
39.695083 -121.036715   0.01381734     1676    92308 1 6 4 4
39.693878 -120.962147   0.10477787     1533    90672 0 6 4 4
39.708045 -120.922072   0.29722119     1535    91519 1 6 4 4
39.665102 -121.015492   0.19660255     1500    78259 1 6 4 4
39.661234 -120.973405   0.93323893     1463    80928 1 6 4 4
39.679309 -120.929785   0.08269127     1543    89831 1 6 4 4
39.621667 -121.005000   0.02212985     1390    77780 1 6 4 4
39.613176 -120.963787   0.35366941     1382    78372 1 6 4 4
39.614167 -120.936250   0.00691633     1392    83450 0 6 4 4
39.538326 -121.210994   0.10598146      981    50537 1 6 4 4
39.536735 -121.164181   0.24217661     1041    48169 1 6 4 4
39.494118 -121.193167   0.04757567      876    48377 1 6 4 4
39.494988 -121.173066   0.03094605      905    47357 1 6 4 4
39.712868 -120.702128   0.06723765     2180   120826 1 3 4 4
39.708940 -120.599653   0.00483607     2227   139400 1 3 4 4
39.674941 -120.695913   0.15019182     2073   117988 6 3 4 4
39.657381 -120.654047   0.74752346     2045   118257 1 3 4 4
39.660916 -120.597503   0.93675534     2114   129234 1 3 4 4
39.674769 -120.534518   0.03869825     2305   137751 1 3 4 4
39.603214 -120.644596   0.59400009     2080   115968 1 3 4 4
39.603120 -120.607995   0.40674227     1746   122999 1 3 4 4
39.591792 -121.106524   0.10126798     1137    61770 1 3 4 4
39.558101 -121.103062   0.07199485     1105    60242 1 3 4 4
39.375833 -121.039470   0.01017878      825    40755 0 6 4 4
39.389226 -120.953958   0.32376703     1117    49859 1 6 4 4
39.396899 -120.907673   0.78073229     1207    53509 1 6 4 4
39.394936 -120.868782   0.06013071     1377    62888 1 6 4 4
39.353459 -121.018805   0.35174428      854    39080 6 6 4 4
39.346696 -120.970103   0.60288261      944    41912 6 6 4 4
39.339679 -120.911906   0.34765269     1091    49057 1 6 4 4
39.328640 -120.859167   0.07893804     1172    61949 1 6 4 4
39.321134 -120.777778   0.14655274     1371    70072 1 6 4 4
39.326165 -120.718174   0.33389221     1510    79145 1 6 4 4
39.326667 -120.686250   0.01111109     1701    86501 0 6 4 4
39.284601 -121.020588   0.11188114      891    35121 6 6 4 4
39.298317 -120.963340   0.37086659     1000    41263 1 6 4 4
39.305047 -120.926826   0.10398072     1150    48811 1 6 4 4
39.309301 -120.767769   0.01597913     1504    78659 0 6 4 4
39.315417 -120.440417   0.01134527     1886   120539 6 3 4 4
39.319459 -120.409360   0.16229542     2039   121380 6 3 4 4
39.311250 -120.440417   0.00486255     1979   120801 0 3 4 4
39.295557 -120.396861   0.06855390     2094   122028 6 3 4 4
39.288236 -120.345980   0.07249374     2312   133872 1 3 4 4
39.271844 -121.086545   0.27315367      679    26751 6 4 4 4
39.272500 -121.057083   0.03011814      769    33609 6 4 4 4
39.318448 -121.263933   0.09329786      559    10223 6 4 4 4
39.319583 -121.234167   0.14956338      520    10817 6 4 4 4
39.284482 -121.271209   0.60758855      391     2068 6 4 4 4
39.303719 -121.237225   0.15145063      470     7938 6 4 4 4
39.243333 -121.268426   0.15855004      245       93 7 4 4 4
39.239167 -121.246667   0.01622505      343     3356 7 4 4 4
39.335677 -121.192068   0.09930903      442    15838 6 3 4 4
39.324986 -121.166302   0.22014794      506    16247 6 3 4 4
39.265294 -121.258493   0.12604727      249     3240 7 3 4 4
39.271949 -121.212723   0.71499115      371     4506 6 3 4 4
39.293253 -121.169932   0.41200645      430    15547 7 3 4 4
39.246667 -121.250833   0.00370821      299     3247 0 3 4 4
39.246667 -121.234167   0.06303965      373     3471 7 3 4 4
39.518938 -121.144163   0.44394794      953    47983 1 3 4 4
39.515169 -121.107806   0.29548891      953    49217 1 3 4 4
39.510593 -121.035446   0.16992945      978    53691 1 3 4 4
39.518333 -120.984454   0.26780116      893    70551 6 3 4 4
39.476345 -121.149868   0.77389996      758    39534 1 3 4 4
39.468957 -121.103769   0.78686023      798    39611 1 3 4 4
39.493434 -121.046415   0.10716402      969    51700 1 3 4 4
39.420868 -121.157989   0.25201622      686    31126 1 3 4 4
39.404158 -121.093836   1.18486833      617    31257 1 3 4 4
39.402805 -121.047640   0.37134339      670    39508 1 3 4 4
39.351429 -121.125833   0.01296028      560    27870 0 3 4 4
39.342353 -121.090406   1.13157140      673    27029 6 3 4 4
39.336758 -121.041037   0.76951544      754    32830 6 3 4 4
39.299863 -121.079706   0.31988365      634    26805 6 3 4 4
39.296782 -121.033718   0.60797334      786    32522 6 3 4 4
39.300570 -120.983070   0.17598969      906    41017 1 3 4 4
39.652268 -121.037948   0.37170601     1369    73367 1 6 4 4
39.638591 -120.942603   0.07467448     1421    83619 0 6 4 4
39.645558 -120.906928   0.76870703     1529    84955 1 6 4 4
39.672847 -120.863681   0.11056766     1756    94673 1 6 4 4
39.588838 -121.068005   0.16563654     1209    62834 1 6 4 4
39.593499 -121.031372   1.25339461     1245    64972 1 6 4 4
39.587842 -120.976820   0.63672362     1350    73520 1 6 4 4
39.593900 -120.901768   0.92127611     1488    81663 1 6 4 4
39.614167 -120.871667   0.01844354     1563    94979 6 6 4 4
39.555809 -121.129657   0.01961428     1142    63345 1 6 4 4
39.536562 -121.088495   0.83577095      939    50821 1 6 4 4
39.530965 -121.028204   0.86763955      985    54184 1 6 4 4
39.533637 -120.964126   0.95813655     1176    70104 6 6 4 4
39.533960 -120.910800   1.04537657     1167    78345 1 6 4 4
39.465743 -121.026819   0.94491365      992    45337 1 6 4 4
39.464280 -120.965732   0.53111854     1153    53352 1 6 4 4
39.458563 -120.902035   0.49002000     1215    61546 1 6 4 4
39.489167 -120.867500   0.04157280     1398    70111 1 6 4 4
39.405812 -121.021738   0.88017096      844    39863 1 6 4 4
39.411891 -120.973651   0.97689361      952    49798 1 6 4 4
39.425424 -120.907313   0.45291652     1005    59379 1 6 4 4
39.425064 -120.868782   0.06010323     1038    69042 1 6 4 4
39.354637 -121.013782   0.18051094      854    40454 6 6 4 4
39.341209 -120.967583   0.69898320      832    42352 6 6 4 4
39.347003 -120.906878   0.83777190      961    51687 1 6 4 4
39.341503 -120.837670   0.58556722     1045    60050 1 6 4 4
39.335000 -120.811250   0.02776815     1068    68305 0 6 4 4
39.260000 -121.114167   0.03915896      659    25655 7 6 4 4
39.325971 -121.133686   0.16066026      593    23431 6 6 4 4
39.323750 -121.121667   0.05000583      625    26489 6 6 4 4
39.276651 -121.147072   0.74461354      545    17075 7 6 4 4
39.287856 -121.110741   0.43632654      552    24297 6 6 4 4
39.586250 -120.875833   0.02629263     1213    89131 0 16 4 4
39.587407 -120.868690   0.17433237     1291    89316 1 16 4 4
39.527930 -120.880626   0.14447513     1110    86392 1 16 4 4
39.557083 -120.871667   0.02399636     1243    88275 1 16 4 4
39.452917 -120.875833   0.01710460     1241    68694 0 16 4 4
39.451222 -120.865128   0.19317936     1202    68880 1 16 4 4
39.436250 -120.875833   0.00138681     1092    69343 0 16 4 4
39.412806 -120.843176   0.17526375     1171    69420 1 16 4 4
39.390528 -120.802047   0.18179212     1218    71692 1 16 4 4
39.365328 -120.818808   0.08699839     1130    67426 6 16 4 4
39.352415 -120.805264   0.15367134     1002    68228 6 16 4 4
39.382072 -121.209713   0.07956580      570    24048 6 3 4 4
39.375833 -121.186250   0.00138802      736    25298 0 3 4 4
39.344781 -121.206855   0.49552298      439    15499 6 3 4 4
39.367500 -121.186250   0.01249364      702    23623 0 3 4 4
39.276667 -121.250833   0.00926752      297     5656 0 3 4 4
39.292694 -121.224944   0.38216324      316     7098 6 3 4 4
39.534048 -121.241071   0.00323295     1037    50914 0 6 4 4
39.505245 -121.088676   0.07851149     1035    49904 1 6 4 4
39.464544 -121.198585   0.34058680      889    43446 1 6 4 4
39.456253 -121.169268   0.42767139      776    39112 1 6 4 4
39.470190 -121.075768   0.47802674      880    44126 1 6 4 4
39.470983 -121.056165   0.17807250      861    44404 1 6 4 4
39.405807 -121.196866   0.27916996      824    24534 1 6 4 4
39.399806 -121.159228   0.87382384      775    25342 1 6 4 4
39.424781 -121.076299   0.06727413      666    33155 1 6 4 4
39.429147 -121.051889   0.08529851      763    43340 1 6 4 4
39.330833 -121.250833   0.00092598      559    13371 0 6 4 4
39.345833 -121.224009   0.31242929      561    13163 6 6 4 4
39.351107 -121.157848   0.89564011      602    19165 6 6 4 4
39.365192 -121.113590   0.12031278      637    30324 6 6 4 4
39.307865 -121.162604   0.03705063      495    18772 6 6 4 4
39.565417 -121.047500   0.01614945     1191    65828 0 3 4 4
39.581173 -120.956243   0.28831922     1481    74818 1 3 4 4
39.591565 -120.922791   0.32057840     1617    83360 1 3 4 4
39.545653 -121.038650   0.26077461     1084    63128 6 3 4 4
39.547410 -120.971866   0.07246064     1358    73808 7 3 4 4
39.505224 -120.899563   0.09460819     1453    70820 1 3 4 4
39.515037 -120.842476   0.55773951     1619    71970 1 3 4 4
39.518333 -120.807083   0.06002367     1705    95983 1 3 4 4
39.465833 -121.004167   0.06931579     1217    51764 1 3 4 4
39.471840 -120.970836   0.76836161     1218    53723 1 3 4 4
39.475391 -120.909513   0.79241604     1383    62032 1 3 4 4
39.485630 -120.848372   0.46291067     1512    69887 1 3 4 4
39.440417 -120.785000   0.03235706     1188    80493 1 3 4 4
39.384519 -120.882641   0.06569273     1235    60073 1 3 4 4
39.400396 -120.842959   0.86394918     1407    62102 1 3 4 4
39.417784 -120.795737   0.31905222     1403    74671 1 3 4 4
39.368235 -120.878775   0.03146733     1201    60367 6 3 4 4
39.363774 -120.855365   0.30637244     1206    60498 1 3 4 4
39.518333 -120.750833   0.00923452     1617   106075 0 3 4 4
39.531790 -120.723257   0.53410580     1759    95174 1 3 4 4
39.500833 -120.686250   0.00138553     1625    97318 0 3 4 4
39.468333 -120.750833   0.00924209     1427    86504 0 3 4 4
39.467703 -120.716701   0.78686810     1566    83386 1 3 4 4
39.462751 -120.670537   0.30589596     1723    91707 6 3 4 4
39.414136 -120.717489   0.80694689     1730    79461 1 3 4 4
39.423094 -120.679222   0.15720609     1540    87316 1 3 4 4
39.584168 -120.575197   0.29962183     1964   125044 6 3 4 4
39.588261 -120.529614   1.05279161     2154   128240 1 3 4 4
39.586646 -120.470706   0.33576860     2239   137143 1 3 4 4
39.508134 -120.784462   0.20872075     1724    80173 1 3 4 4
39.511618 -120.715790   0.35001017     1831    89626 1 3 4 4
39.531724 -120.649931   0.24096973     1932    97727 1 3 4 4
39.537912 -120.604862   0.26789314     1978   106592 6 3 4 4
39.542563 -120.526720   0.74573036     2074   116147 6 3 4 4
39.536698 -120.466401   0.88330741     2251   122839 6 3 4 4
39.542790 -120.414230   0.01731321     2330   144820 1 3 4 4
39.486439 -120.769198   0.29472579     1610    79032 1 3 4 4
39.472687 -120.719223   0.46274032     1753    86566 1 3 4 4
39.466164 -120.669744   0.22802662     1938    90586 1 3 4 4
39.489522 -120.587800   0.37882938     2111   103946 1 3 4 4
39.468973 -120.524656   0.67186172     2017   116332 1 3 4 4
39.468666 -120.477237   0.85152088     2200   122414 1 3 4 4
39.489167 -120.436250   0.00207856     2314   130317 0 3 4 4
39.436250 -120.690417   0.00485385     1847    91768 0 3 4 4
39.436250 -120.686250   0.00208022     1740    91544 0 3 4 4
39.426828 -120.508358   0.12391126     2249   113511 1 3 4 4
39.420461 -120.475657   0.48826736     2207   119242 6 3 4 4
39.422500 -120.411786   0.10680727     2430   124464 6 3 4 4
39.347500 -120.505000   0.02777158     2171   112828 7 3 4 4
39.347974 -120.463537   0.56931456     2219   114541 1 3 4 4
39.346458 -120.432865   0.07405108     2285   121332 7 3 4 4
39.290103 -120.549827   0.04493166     1928   108277 1 3 4 4
39.636946 -120.578225   0.24752310     1934   130189 1 3 4 4
39.650195 -120.530181   0.65141952     2049   133075 1 3 4 4
39.653025 -120.471588   0.04885689     2209   141371 1 3 4 4
39.612579 -120.580130   0.28036171     1853   126463 1 3 4 4
39.617390 -120.538294   0.24442879     2026   132890 1 3 4 4
39.616241 -120.463457   0.01544473     2107   141710 1 3 4 4
39.696616 -120.763082   0.15289652     1824   115850 1 6 4 4
39.698750 -120.746667   0.04973665     1733   115812 6 6 4 4
39.642060 -120.835217   0.52405337     1555    94127 1 6 4 4
39.653296 -120.774797   0.92760776     1655   103914 1 6 4 4
39.642438 -120.739542   0.18433320     1634   108283 5 6 4 4
39.591298 -120.835587   0.93749267     1310    90358 1 6 4 4
39.592537 -120.780183   1.23720812     1359    96184 1 6 4 4
39.587209 -120.725484   0.86453068     1514   104524 1 6 4 4
39.572709 -120.658838   0.40248950     1508   112488 6 6 4 4
39.574303 -120.608827   0.27125679     1519   120506 1 6 4 4
39.539167 -120.875833   0.01384763     1064    87434 0 6 4 4
39.543000 -120.843806   0.71662912     1230    77803 1 6 4 4
39.536853 -120.779349   1.02043836     1335    79873 1 6 4 4
39.552451 -120.723497   0.30349618     1483   104039 1 6 4 4
39.557083 -120.656250   0.22496586     1521   112897 1 6 4 4
39.559315 -120.610952   0.05169893     1651   120730 1 6 4 4
39.459978 -120.831693   0.60195022     1294    70931 1 6 4 4
39.464291 -120.785105   1.05555347     1345    77636 1 6 4 4
39.448750 -120.746667   0.04991634     1385    82807 0 6 4 4
39.430719 -120.827992   0.14125155     1184    72152 6 6 4 4
39.405221 -120.770745   0.79987415     1265    71785 1 6 4 4
39.394511 -120.725222   0.42546076     1515    78096 1 6 4 4
39.401667 -120.686250   0.01387409     1468    86699 0 6 4 4
39.349218 -120.775127   0.87389380     1106    69625 1 6 4 4
39.354346 -120.719699   0.80154860     1220    76924 1 6 4 4
39.340842 -120.665973   0.54786139     1534    84865 6 6 4 4
39.569583 -120.580833   0.03921775     1643   125431 1 3 4 4
39.500833 -120.655833   0.01385527     2009   100265 0 3 4 4
39.528962 -120.584606   0.81255893     1845   107148 6 3 4 4
39.517055 -120.535955   0.50184513     1962   113801 6 3 4 4
39.510574 -120.482763   0.23734086     2093   121851 1 3 4 4
39.472513 -120.644522   0.61314444     1877    93512 6 3 4 4
39.460201 -120.596199   0.92067467     1926    98306 1 3 4 4
39.466234 -120.538278   0.56302916     2082   106308 1 3 4 4
39.493258 -120.458485   0.15242796     2166   121966 1 3 4 4
39.496667 -120.436250   0.00300216     2176   129777 0 3 4 4
39.382342 -120.693519   0.06338075     1581    83529 1 3 4 4
39.403902 -120.652622   1.12753957     1875    86453 6 3 4 4
39.406250 -120.593750   1.30069749     2078    93838 6 3 4 4
39.403469 -120.533904   1.21274450     2160   106273 6 3 4 4
39.394036 -120.461144   0.72782836     2112   115400 6 3 4 4
39.398825 -120.405497   0.94925658     2303   123386 6 3 4 4
39.396560 -120.367963   0.19515324     2485   131449 6 3 4 4
39.371667 -120.694583   0.03146357     1652    83491 1 3 4 4
39.351619 -120.647319   0.57535053     1713    85296 1 3 4 4
39.343762 -120.592933   1.17744241     1719    93877 6 3 4 4
39.343587 -120.531913   1.27032789     1967   103911 7 3 4 4
39.340215 -120.472822   0.70639595     2051   113406 6 3 4 4
39.347368 -120.404049   1.05725856     2176   121418 7 3 4 4
39.341582 -120.355169   0.69732809     2288   129944 6 3 4 4
39.311250 -120.640938   0.00231548     1640    91215 0 3 4 4
39.306264 -120.586599   0.02385118     1904   105816 6 3 4 4
39.287676 -120.525373   0.36689307     1876   106155 6 3 4 4
39.285345 -120.467412   0.46414830     2016   113477 6 3 4 4
39.280233 -120.411721   0.12042084     2058   121888 6 3 4 4
39.275956 -120.344310   0.19243964     2165   130970 1 3 4 4
39.697094 -120.729338   0.17407072     2053   116499 6 3 4 4
39.676667 -120.750833   0.00921344     1511   113505 0 3 4 4
39.655937 -120.718381   0.95941056     1906   109602 6 3 4 4
39.633937 -120.679732   0.10048234     2118   116361 1 3 4 4
39.606821 -120.705293   0.43256292     1951   110334 1 3 4 4
39.603211 -120.675808   0.30066086     2037   112734 6 3 4 4
39.532569 -120.693368   0.11079371     1834    96516 6 3 4 4
39.524562 -120.658070   0.81721206     1856    97241 1 3 4 4
39.522963 -120.615185   0.16620527     1922   105975 1 3 4 4
39.493782 -120.675064   0.06004732     1693    96787 6 3 4 4
39.505379 -120.551288   0.05080050     1850   115144 1 14 4 4
39.448664 -121.139109   0.06701739      586    39150 0 14 4 4
39.444194 -121.114278   0.03466639      589    40259 0 14 4 4
39.453750 -120.641250   0.09243323     1704    95264 0 14 4 4
39.488333 -120.538571   0.06466957     1861   116447 0 14 4 4
39.417717 -121.138478   0.17339766      597    33648 0 14 4 4
39.431607 -121.115833   0.04854172      586    38949 0 14 4 4
39.416270 -120.528839   0.05641419     2076   109676 6 14 4 4
39.394583 -120.487118   0.13321385     2040   115439 0 14 4 4
39.334755 -120.632696   0.07870038     1524    93119 7 14 4 4
39.343333 -120.621667   0.03703098     1533    95618 0 14 4 4
39.371667 -120.500833   0.00370160     2036   113873 0 14 4 4
39.371667 -120.496667   0.01480639     1980   115570 0 14 4 4
39.322500 -120.375833   0.00463025     2077   129813 0 14 4 4
39.319194 -120.368167   0.03472853     2074   129999 7 14 4 4
39.311250 -120.364167   0.00694650     2072   131201 0 14 4 4
