38.321734 -120.503656   0.07864259      873    53426 6 9 7 7
38.325457 -120.470617   0.92454923      957    53612 6 9 7 7
38.316529 -120.429226   0.02044747     1168    62556 6 9 7 7
38.281841 -120.506102   0.59494253      777    47703 6 9 7 7
38.298079 -120.475612   1.37281754      867    49895 6 9 7 7
38.304179 -120.429179   0.31305210     1025    58961 6 9 7 7
38.271026 -120.316779   0.05507783     1476    71930 1 9 7 7
38.277558 -120.297363   0.50982760     1498    72432 1 9 7 7
38.155000 -120.402940   0.18676753     1011    59218 6 9 7 7
38.255000 -120.722500   0.09445274      344    20626 8 4 7 7
38.213185 -120.759048   0.57415965      309     6833 7 4 7 7
38.210784 -120.722443   2.41456378      300     8600 7 4 7 7
38.213049 -120.661440   1.86969456      396    17727 6 4 7 7
38.193167 -120.619118   0.16227731      475    25729 6 4 7 7
38.168333 -120.815417   0.04649897      228     1042 7 4 7 7
38.168063 -120.789662   0.51064829      252     1080 0 4 7 7
38.173185 -120.701407   0.83071982      404     8485 6 4 7 7
38.153206 -120.654431   3.36553882      361    17078 8 4 7 7
38.151185 -120.607414   1.52118221      380    26266 7 4 7 7
38.103484 -120.643953   2.06365261      349    25008 8 4 7 7
38.095894 -120.610595   1.78574512      373    27692 11 4 7 7
38.053788 -120.580088   0.09235837      430    36209 11 4 7 7
38.152833 -120.756500   0.37757069      468     5573 7 9 7 7
38.154661 -120.720505   3.00620959      548     7986 7 9 7 7
38.132229 -120.684990   0.06780325      649    21636 0 9 7 7
38.149714 -120.574857   0.50448511      411    31152 6 9 7 7
38.145442 -120.534615   1.04050108      521    35879 6 9 7 7
38.105135 -120.698734   0.75490403      549    12067 6 9 7 7
38.088520 -120.665220   1.84041300      446    26743 7 9 7 7
38.087579 -120.584066   2.10243478      433    32860 11 9 7 7
38.092449 -120.531789   0.61122654      533    39002 11 9 7 7
38.047564 -120.637952   0.68599119      492    35969 7 9 7 7
38.033127 -120.595054   1.25594726      544    36417 7 9 7 7
38.194583 -120.776667   0.25050672      285     5794 7 16 7 7
38.217571 -120.698475   0.81041097      280    15043 7 16 7 7
38.201609 -120.682692   0.32369722      311    17187 7 16 7 7
38.167861 -120.768111   0.70924381      309     4119 7 16 7 7
38.141416 -120.733632   0.56838273      576     7909 7 16 7 7
38.162213 -120.673939   0.66121422      319    17356 10 16 7 7
38.113333 -120.709405   0.42034565      623    13093 6 16 7 7
38.075928 -120.668523   0.34717302      450    32706 6 16 7 7
38.052917 -120.652754   0.34808290      532    35892 6 16 7 7
38.014167 -120.605833   0.04738218      585    44199 7 16 7 7
38.325995 -120.654183   0.26185641      529    33418 6 3 7 7
38.343333 -120.617500   0.01336578      671    38132 6 3 7 7
38.305434 -120.703419   0.04011990      493    27599 7 3 7 7
38.309990 -120.676657   0.02674112      484    33457 0 3 7 7
38.197752 -120.646209   0.55927153      400    21191 6 3 7 7
38.179641 -120.634050   0.33882329      429    25557 6 3 7 7
38.176035 -120.610934   0.52002309      485    26621 6 3 7 7
38.255539 -120.513382   0.26763124      808    41328 6 7 7 7
38.267133 -120.482613   0.92858999      795    50735 6 7 7 7
38.246667 -120.514167   0.06297571      780    49637 6 7 7 7
38.215029 -120.402270   1.20884955      967    54958 6 7 7 7
38.318912 -120.638443   0.40969308      538    32693 6 6 7 7
38.340233 -120.591625   2.02059516      699    36272 6 6 7 7
38.343604 -120.531219   1.57175194      837    45268 6 6 7 7
38.353495 -120.467755   0.14154741      864    53442 6 6 7 7
38.262426 -120.698574   0.67212896      374    20102 6 6 7 7
38.280435 -120.655435   4.11672905      463    21869 6 6 7 7
38.281250 -120.593750   4.42587142      652    28497 6 6 7 7
38.283082 -120.536789   3.56327966      789    39838 6 6 7 7
38.277279 -120.454877   1.06993273      899    50832 6 6 7 7
38.277122 -120.404745   2.56123734     1038    53686 6 6 7 7
38.278359 -120.348596   0.55951098     1247    61595 1 6 7 7
38.243089 -120.700929   0.44559512      336    18088 6 6 7 7
38.235411 -120.648711   1.67727968      489    20057 6 6 7 7
38.219723 -120.592786   4.26765535      640    25822 6 6 7 7
38.218347 -120.531496   4.36654378      675    34840 6 6 7 7
38.218750 -120.468750   4.42967905      731    42864 6 6 7 7
38.220320 -120.408199   3.00954468     1006    52222 6 6 7 7
38.223095 -120.352179   0.22837622     1132    62279 6 6 7 7
38.156626 -120.583052   1.88779243      455    28417 6 6 7 7
38.159564 -120.530218   3.39336041      538    34377 6 6 7 7
38.157584 -120.469128   2.91274889      702    43050 6 6 7 7
38.162734 -120.418252   1.00402826      892    52353 6 6 7 7
38.158057 -120.341940   0.01496960     1032    63199 6 6 7 7
38.117220 -120.573641   0.42272230      441    34288 7 6 7 7
38.107766 -120.543895   0.96851973      513    38516 7 6 7 7
38.117500 -120.488333   0.00315408      656    47410 7 6 7 7
38.145373 -120.385852   0.01181956     1064    62720 6 6 7 7
38.275441 -120.714014   1.36446473      427    21313 7 6 7 7
38.293333 -120.686250   0.03068218      492    27369 0 6 7 7
38.219373 -120.757388   0.24884859      332    11441 7 6 7 7
38.234091 -120.738428   0.68812219      382    13655 7 6 7 7
38.279907 -120.468796   0.70813061      851    52835 6 16 7 7
38.267386 -120.447140   0.34626269      963    54025 6 3 7 7
38.285417 -120.403304   0.99605470     1112    54788 6 3 7 7
38.279682 -120.353273   1.35740046     1296    62465 1 3 7 7
38.239167 -120.375833   0.01574555     1185    62410 0 3 7 7
38.242696 -120.363971   0.25428103     1217    62672 1 3 7 7
38.341483 -120.289372   0.34522991     1573    78511 1 3 7 7
38.288654 -120.323622   0.78597370     1384    69454 1 3 7 7
38.294985 -120.285467   0.78974915     1485    72263 1 3 7 7
38.333351 -120.275379   0.40968515     1653    76606 1 3 7 7
38.293429 -120.283910   0.06133881     1554    76328 0 3 7 7
38.191991 -120.754722   0.07090093      226     8370 0 14 7 7
38.197500 -120.746667   0.06301829      239     9249 0 14 7 7
38.168770 -120.784289   0.95825421      223      278 0 14 7 7
