37.006017 -119.341384   0.14241651      862    34499 6 3 12 12
36.977669 -119.380071   0.02458013      617    34802 7 3 12 12
36.983053 -119.337010   0.39464593      666    28868 6 3 12 12
36.972191 -119.283457   0.46411365      808    24409 6 3 12 12
36.976274 -119.225755   0.36437649      759    28138 6 3 12 12
36.946933 -119.135635   0.07806282      858    45299 7 3 12 12
36.940417 -119.121667   0.00963009     1169    46526 6 3 12 12
36.880000 -119.346111   0.06023588      422     6139 7 3 12 12
36.885208 -119.266336   0.09361950      383     9683 0 3 12 12
36.898415 -119.214069   0.62974405      703    17922 7 3 12 12
36.911163 -119.158346   0.39670254      760    27013 7 3 12 12
36.908220 -119.114336   0.20299732      753    37591 7 3 12 12
36.869461 -119.339167   0.05697683      362     4295 7 3 12 12
36.860968 -119.253874   0.05079711      461     9082 7 3 12 12
36.846856 -119.221616   0.57989453      614    10348 7 3 12 12
36.857738 -119.172440   0.00843455      621    19612 0 3 12 12
36.871667 -119.117500   0.02478540      640    36108 7 3 12 12
36.949901 -119.400675   0.17107143      619    33638 7 6 12 12
36.929828 -119.398480   0.14328143      591    32542 7 6 12 12
36.917770 -119.392950   0.11146866      652    32373 7 6 12 12
36.898229 -119.340778   0.37613097      669     5218 6 6 12 12
36.883582 -119.304050   0.07846742      626     5871 6 6 12 12
36.871667 -119.319583   0.02340844      466     4438 8 6 12 12
36.871667 -119.298750   0.04543991      380     4899 8 6 12 12
36.959499 -119.384704   0.12258702      681    32820 7 6 12 12
36.958178 -119.348992   0.56129008      570    25889 7 6 12 12
36.947518 -119.280356   0.29656362      789    21031 6 6 12 12
36.945397 -119.226120   0.18136632      774    24112 6 6 12 12
36.945492 -119.179098   0.05519809     1305    34696 6 6 12 12
36.932083 -119.375833   0.00447160      488    32280 0 6 12 12
36.924068 -119.338166   0.37588236      464    15605 7 6 12 12
36.914536 -119.282912   0.66837247      474     9520 7 6 12 12
36.924583 -119.225898   0.30362027      696    17893 7 6 12 12
36.925204 -119.178675   0.10302713     1105    32321 7 6 12 12
36.844903 -119.330514   0.11295181      392        0 7 6 12 12
36.838879 -119.277101   0.51659371      503     1543 7 6 12 12
36.822500 -119.230833   0.00998943      616    15445 6 6 12 12
36.811250 -119.280833   0.00068902      699     8763 0 6 12 12
37.095229 -119.350462   0.01682413     1561    45923 6 6 12 12
37.071381 -119.275431   0.21008078     1436    44456 6 6 12 12
37.069583 -119.246667   0.02334765     1294    44248 1 6 12 12
37.038087 -119.378522   0.02370261     1077    42875 0 6 12 12
37.042590 -119.345676   0.50040170     1243    38055 6 6 12 12
37.039525 -119.279891   0.68805630     1313    36795 6 6 12 12
37.027259 -119.240119   0.18274896     1147    35306 6 6 12 12
36.993782 -119.221859   0.04467978     1032    33053 6 6 12 12
36.707444 -118.930493   0.00155203     2292    85079 1 6 12 12
36.896587 -119.140902   0.25121609      649    31465 7 6 12 12
36.887968 -119.090854   0.33795402      890    37128 7 6 12 12
36.885955 -119.049578   0.15073846     1088    46709 7 6 12 12
36.868690 -119.090714   0.13014589      601    39093 7 6 12 12
36.871667 -119.044583   0.05921494      721    46060 7 6 12 12
36.882976 -119.160794   0.14452086      407    27422 6 6 12 12
36.858309 -119.210054   0.17386126      825    13109 6 6 12 12
36.856716 -119.152890   0.49811271      777    19689 6 6 12 12
36.838982 -119.100850   0.44853216      742    36239 6 6 12 12
36.840931 -119.042507   0.35832772      786    44772 6 6 12 12
36.811250 -119.125833   0.00017225     1467    49553 0 6 12 12
36.798179 -119.089460   0.16730038     1191    47734 6 6 12 12
36.785470 -119.054558   0.12336939     1253    51307 1 6 12 12
37.029194 -119.228817   0.21298817     1113    34913 6 3 12 12
36.996667 -119.210000   0.02749421     1088    34095 0 3 12 12
36.759850 -119.004932   0.04205926     1487    59252 1 3 12 12
36.773180 -118.963218   0.59110896     1967    60118 1 3 12 12
36.776465 -118.906592   0.81855680     1791    72782 1 3 12 12
36.776053 -118.864422   0.26123870     2035    74063 1 3 12 12
36.746667 -119.000833   0.00275843     1613    62083 0 3 12 12
36.738578 -118.964760   0.31178450     2003    62346 1 3 12 12
36.723651 -118.902458   0.45509273     2066    80234 1 3 12 12
36.740190 -118.868325   0.06965475     2266    81052 6 3 12 12
37.049532 -119.415469   0.00996211     1081    43115 7 3 12 12
37.017802 -119.340184   0.22575954      913    35055 6 3 12 12
37.009631 -119.283956   0.27140532     1031    35338 6 3 12 12
37.008316 -119.245901   0.03367441     1173    35338 0 3 12 12
36.996667 -119.315417   0.00962297      669    34029 0 3 12 12
36.991528 -119.277569   0.20627063      904    30190 6 3 12 12
36.993593 -119.237719   0.04193036     1008    31340 0 3 12 12
37.089177 -119.323005   0.04429150     1724    46509 1 3 12 12
37.097214 -119.281576   0.18983794     1649    46754 1 3 12 12
37.087666 -119.232013   0.25180001     1691    43992 1 3 12 12
37.057581 -119.320928   0.04309883     1620    41989 1 3 12 12
37.057083 -119.311250   0.00669639     1586    46207 0 3 12 12
37.046849 -119.204303   0.20437876     1704    37582 1 3 12 12
37.024226 -119.154634   0.53422387     1745    37080 1 3 12 12
37.009981 -119.109089   0.14775193     1736    56107 1 3 12 12
36.993258 -119.145606   0.07561520     1635    52397 1 3 12 12
36.996667 -119.097500   0.01374710     1676    58360 1 3 12 12
37.025185 -119.208159   0.30472586     1426    35491 1 3 12 12
37.006167 -119.171750   0.02577140     1620    36633 0 3 12 12
37.000833 -119.113333   0.00962245     1545    55883 0 3 12 12
36.964075 -119.203822   0.30705231      921    26828 6 3 12 12
36.970244 -119.157771   0.75808283     1278    33772 6 3 12 12
36.963611 -119.100352   0.67778745     1662    46216 1 3 12 12
36.942173 -119.058116   0.02080685     2194    49658 1 3 12 12
36.932381 -119.157024   0.07223793     1102    35670 6 3 12 12
36.919785 -119.086252   0.42680445     1277    41889 6 3 12 12
36.911027 -119.049246   0.19937507     1470    47785 7 3 12 12
36.838819 -119.084495   0.36505599      648    40698 6 3 12 12
36.837974 -119.023992   0.46560167     1065    44587 6 3 12 12
36.832968 -118.967934   0.62420354     1461    53445 1 3 12 12
36.829629 -118.909829   0.48989460     1346    61169 6 3 12 12
36.830110 -118.840088   0.04580850     1656    71478 6 3 12 12
36.837727 -118.778556   0.56548497     2200    76463 6 3 12 12
36.827043 -118.718135   0.44342515     2045    85651 1 3 12 12
36.821806 -118.674008   0.13622259     1939    94595 7 3 12 12
36.789161 -119.088394   0.38561610     1142    47658 6 3 12 12
36.785689 -119.025436   0.67827178     1342    51346 1 3 12 12
36.793860 -118.977395   0.37822438     1871    56638 1 3 12 12
36.807226 -118.904393   0.15076767     1659    71462 6 3 12 12
36.807083 -118.867500   0.04031031     1557    72427 1 3 12 12
36.799763 -118.766981   0.22674028     1735    80557 1 3 12 12
36.797654 -118.725204   0.38510659     1714    85520 1 3 12 12
36.799356 -118.655299   0.32716569     1847    93438 7 3 12 12
36.792428 -118.614964   0.07925511     1799   101271 6 3 12 12
36.739667 -119.007000   0.06483030     1668    61128 1 3 12 12
36.732685 -118.990185   0.06207371     1689    62384 1 3 12 12
37.069583 -119.190417   0.02042958     1999    45274 6 3 12 12
37.068127 -119.166318   0.10317473     1941    45945 1 3 12 12
37.070951 -119.091901   0.10988024     2275    67430 6 3 12 12
37.052917 -119.190417   0.02764557     1883    43577 1 3 12 12
37.040165 -119.158191   0.36049334     1893    41864 1 3 12 12
37.033930 -119.099806   0.48948446     2104    58475 1 3 12 12
37.014167 -119.061250   0.00515398     2100    64301 0 3 12 12
36.949939 -119.024623   0.20116847     2028    54819 1 3 12 12
36.964167 -118.996667   0.01375298     1609    59897 1 3 12 12
36.915951 -119.024899   0.38362615     1632    51371 6 3 12 12
36.902610 -118.966055   0.49380045     1878    54292 1 3 12 12
36.895522 -118.908819   0.41467303     2096    62009 6 3 12 12
36.892408 -118.848968   0.37512544     2330    73846 6 3 12 12
36.871667 -118.889167   0.01376967     1594    73236 6 3 12 12
36.871667 -118.855833   0.01376967     1742    73808 6 3 12 12
37.161745 -119.150837   0.21541334     2432    74700 6 3 12 12
37.146758 -119.104329   0.27374782     2658    77461 6 3 12 12
37.095161 -119.153845   0.41120481     2041    66714 7 3 12 12
37.113333 -119.113532   0.08647104     2465    73757 6 3 12 12
37.057083 -119.151667   0.04464270     1764    64330 1 3 12 12
37.020684 -119.023269   0.26798806     2313    66161 1 3 12 12
37.028640 -118.988553   0.19581383     2353    65969 1 3 12 12
37.007843 -118.890735   0.11683078     2777    73629 6 3 12 12
37.018414 -118.843071   0.44489026     2957    80429 6 3 12 12
37.009109 -118.795857   0.14946804     2934    96708 10 3 12 12
36.986090 -118.898301   0.17874232     2755    69749 6 3 12 12
36.984715 -118.788289   0.26124214     2655    92448 7 3 12 12
37.079043 -118.967207   0.12703036     2482    75552 0 16 12 12
37.005151 -119.026837   0.11406147     2179    63869 1 16 12 12
37.034189 -118.968778   0.44586738     2211    65707 7 16 12 12
36.982933 -119.019379   0.30183158     2167    60328 1 16 12 12
36.985035 -118.985035   0.23098720     1948    61162 6 16 12 12
37.217981 -118.966393   0.06752415     2918    92399 6 2 12 12
37.218511 -118.929563   0.01971031     3021    96500 6 2 12 12
37.173750 -119.077917   0.11520878     2817    84821 6 2 12 12
37.157597 -119.025274   0.58286031     2724    86948 6 2 12 12
37.153301 -118.965831   0.82846914     2710    84759 6 2 12 12
37.147931 -118.916053   0.53480523     2736    86354 6 2 12 12
37.141301 -118.846411   0.29086175     2994    87981 6 2 12 12
37.095414 -119.138886   0.25640698     2135    67909 7 2 12 12
37.082802 -119.097782   0.41965106     2474    67091 7 2 12 12
37.090077 -119.034824   0.42067619     2706    72047 7 2 12 12
37.094717 -118.965258   0.64960131     2570    75613 6 2 12 12
37.096783 -118.905259   0.84351604     2610    76217 6 2 12 12
37.092133 -118.845944   0.88876759     2848    84711 10 2 12 12
37.079792 -118.805087   0.05337866     3080    93538 10 2 12 12
37.061250 -119.125833   0.00103016     2186    67631 0 2 12 12
37.045422 -119.077265   0.26018792     2330    65288 6 2 12 12
37.041898 -119.035259   0.56414736     2451    64579 6 2 12 12
37.056368 -118.984123   0.07297545     2562    73824 0 2 12 12
37.044958 -118.896163   0.37011118     2873    75159 10 2 12 12
37.044691 -118.845079   0.48344654     2965    80691 7 2 12 12
37.048694 -118.791737   0.25742975     2966    94286 10 2 12 12
37.148331 -119.213173   0.01784046     2312    77161 6 1 12 12
37.142736 -119.169563   0.21679605     2395    75278 6 1 12 12
37.101122 -119.207187   0.28902839     2140    45213 7 1 12 12
37.102156 -119.178872   0.19457654     2160    69877 7 1 12 12
37.008274 -118.954345   0.09621364     2175    67365 0 1 12 12
37.000833 -118.639167   0.00343659     2171   108756 0 1 12 12
36.948750 -119.005000   0.05571083     1570    57165 1 1 12 12
36.962204 -118.964973   0.66441006     2131    57612 1 1 12 12
36.946564 -118.927205   0.10161773     2436    66278 1 1 12 12
36.958720 -118.764420   0.32563573     2663    87402 6 1 12 12
36.962184 -118.720855   0.64915374     2594    90032 6 1 12 12
36.967538 -118.656083   0.44694544     2323    96414 7 1 12 12
36.927391 -119.008852   0.08186918     1387    54279 1 1 12 12
36.928250 -118.969032   0.27953262     2145    56586 1 1 12 12
36.921999 -118.904275   0.41954045     2719    66531 6 1 12 12
36.916880 -118.849574   0.29586046     2613    80266 6 1 12 12
36.925362 -118.775659   0.21432044     2023    83769 6 1 12 12
36.933608 -118.742398   0.02820647     1603    88527 6 1 12 12
36.694583 -118.819583   0.00276012     2517    97022 6 1 12 12
36.709003 -118.778197   0.53004202     2584    89761 6 1 12 12
36.700011 -118.735244   0.20285016     2757    95178 6 1 12 12
36.690417 -118.647500   0.06038494     2750   114757 6 1 12 12
36.661815 -118.778343   0.06764426     2804    96213 7 1 12 12
36.660149 -118.724459   0.24729152     2803    97300 6 1 12 12
36.675924 -118.658896   0.30716899     2786   115482 6 1 12 12
36.676667 -118.621667   0.02760948     2863   115514 6 1 12 12
36.754349 -118.831801   0.06617445     2155    82008 1 3 12 12
36.760306 -118.773045   0.23439810     2246    85849 6 3 12 12
36.770516 -118.714595   0.58182956     2308    89879 6 3 12 12
36.777687 -118.673352   0.23090493     1856    93384 6 3 12 12
36.711803 -118.839607   0.21522622     2334    82123 6 3 12 12
36.733968 -118.785619   0.37439755     2337    87601 6 3 12 12
36.723107 -118.716630   0.68692333     2722    93372 6 3 12 12
36.734648 -118.667579   0.25019203     2437   101447 6 3 12 12
36.686250 -118.698750   0.01397556     2720   119385 0 3 12 12
36.686250 -118.686250   0.00155284     2635   119493 0 3 12 12
37.004758 -119.074646   0.05910256     2045    59549 1 3 12 12
37.003512 -119.059315   0.00962188     2108    63591 0 3 12 12
36.981439 -119.075707   0.26574200     2211    55567 1 3 12 12
36.971766 -119.046269   0.38743515     2327    54905 1 3 12 12
36.884242 -119.017575   0.15213302     1216    49262 7 3 12 12
36.883857 -118.975188   0.19441466     1362    53429 6 3 12 12
36.881115 -118.906801   0.11184679     1706    61824 6 3 12 12
36.880685 -118.834639   0.07743608     1877    73661 7 3 12 12
36.884167 -118.811250   0.01135726     1868    77828 0 3 12 12
36.867702 -119.014341   0.08538149      654    47990 6 3 12 12
36.863292 -118.970229   0.34432991      829    52496 6 3 12 12
36.857802 -118.902985   0.46485579     1235    60421 6 3 12 12
36.856060 -118.852307   0.43036223     1272    68407 6 3 12 12
36.871667 -118.811250   0.00413090     1201    77435 0 3 12 12
36.824649 -118.846674   0.24092457     1150    69449 6 3 12 12
36.815417 -118.811250   0.00361720     1181    77425 0 3 12 12
36.803364 -118.834633   0.20863566     1701    72542 1 3 12 12
36.793543 -118.796173   0.20141367     1561    77687 1 3 12 12
36.940417 -118.707083   0.05657676     1742    91675 0 16 12 12
36.940417 -118.686250   0.00361128     2207    96785 0 16 12 12
36.905969 -118.772806   0.16860183     1594    78052 6 16 12 12
36.926687 -118.729928   0.15497662     1998    88412 6 16 12 12
36.936250 -118.686250   0.00154778     2575    97015 0 16 12 12
36.841824 -118.825290   0.23762084     1435    72612 6 16 12 12
36.841113 -118.799877   0.21007078     1932    77218 6 16 12 12
36.807865 -118.799063   0.02756308     1209    78042 0 16 12 12
36.714167 -118.878958   0.01328010     2345    84523 1 16 12 12
36.724288 -118.846307   0.39216035     2397    82686 6 16 12 12
36.722500 -118.811250   0.00517369     2350    92708 0 16 12 12
36.880245 -118.763676   0.05851686     2515    82704 6 3 12 12
36.875833 -118.690417   0.00240956     3089   102767 7 3 12 12
36.875833 -118.682083   0.00447490     3056   102882 0 3 12 12
36.870833 -118.758981   0.03098209     2259    84085 6 3 12 12
36.855392 -118.714764   0.36948632     2576    86315 1 3 12 12
36.842904 -118.660650   0.54031961     2530    96848 7 3 12 12
36.828368 -118.588628   0.41949287     2639   103160 1 3 12 12
36.837976 -118.557381   0.07231891     2789   111998 6 3 12 12
36.774839 -118.834423   0.39294959     2211    77010 1 3 12 12
36.772294 -118.787202   0.27917793     2028    81567 1 3 12 12
36.750833 -118.690417   0.00241350     2758   100955 0 3 12 12
36.768841 -118.647402   0.41124068     2286    98261 6 3 12 12
36.783226 -118.597809   0.68239933     2130   101194 6 3 12 12
36.799062 -118.557865   0.02756470     2233   109458 6 3 12 12
36.728802 -118.695245   0.08035712     2749   101140 6 3 12 12
36.715311 -118.652752   0.65956971     2452   101063 6 3 12 12
36.732344 -118.607083   0.27588288     2401   106263 7 3 12 12
36.686250 -118.672045   0.01138749     2594   115668 0 3 12 12
36.686250 -118.621667   0.00414091     2703   115105 0 3 12 12
36.897500 -118.815417   0.01204438     2234    80420 0 3 12 12
36.893831 -118.794309   0.25638329     1692    79093 1 3 12 12
36.863750 -118.769053   0.15148496     2311    80173 6 3 12 12
36.851667 -118.742500   0.06197973     2667    86916 1 3 12 12
37.209686 -118.979007   0.05861400     2970    92831 6 16 12 12
37.216537 -118.901390   0.21437648     3140    94356 7 16 12 12
37.155439 -119.092750   0.30713822     2791    77931 6 16 12 12
37.152819 -119.046470   0.25482925     2938    84584 6 16 12 12
37.176150 -118.987544   0.11948992     2915    90575 6 16 12 12
37.166604 -118.894050   0.42953915     2947    88645 10 16 12 12
37.162703 -118.842601   0.57166242     3196    89061 10 16 12 12
37.156250 -118.781250   0.13514666     3359    96091 10 16 12 12
37.148025 -118.667199   0.14526778     3708   129312 9 16 12 12
37.132679 -118.606339   0.12657779     3684   127653 9 16 12 12
37.109216 -119.084592   0.34935387     2665    71373 7 16 12 12
37.096587 -119.028490   0.54469428     2828    72702 6 16 12 12
37.093333 -118.996667   0.05491844     2746    82388 0 16 12 12
37.072752 -118.913110   0.12188186     2299    76386 7 16 12 12
37.112530 -118.818275   0.07652806     3264    93145 10 16 12 12
37.094567 -118.779855   0.74034973     3315    93892 10 16 12 12
37.097059 -118.721886   0.38051259     3551   103467 9 16 12 12
37.101441 -118.653207   0.56686615     3536   118421 9 16 12 12
37.093206 -118.594399   0.93818698     3198   119104 10 16 12 12
37.086159 -118.535083   0.66314786     3529   120603 9 16 12 12
37.072018 -118.481075   0.17368584     3726   127882 9 16 12 12
37.061250 -119.022500   0.00515078     2544    72217 0 16 12 12
37.028525 -118.945395   0.15531280     2212    69564 0 16 12 12
37.026366 -118.917823   0.47920270     2625    72597 6 16 12 12
37.010379 -118.834735   0.03779771     2936    80522 7 16 12 12
37.029135 -118.772519   0.55933143     3144    94941 10 16 12 12
37.029157 -118.722930   0.82336698     3321    97942 9 16 12 12
37.017690 -118.663026   0.18414760     2964   109204 7 16 12 12
37.041678 -118.588312   0.58483837     2910   112869 10 16 12 12
37.031751 -118.530878   0.94971641     3201   115138 9 16 12 12
37.031138 -118.468856   0.96095585     3561   123093 9 16 12 12
37.019087 -118.431058   0.11955529     3737   135945 9 16 12 12
36.988333 -118.940417   0.03368409     2636    66979 0 16 12 12
36.972547 -118.900531   0.35482517     2730    67758 1 16 12 12
36.969165 -118.845373   1.10446656     2658    74357 6 16 12 12
36.966366 -118.790827   0.38004085     2579    87926 1 16 12 12
36.991195 -118.716047   0.26124317     3130    96043 9 16 12 12
36.967487 -118.661148   0.43455269     2628    96730 7 16 12 12
36.960284 -118.588077   0.63694779     2926   105008 7 16 12 12
36.966738 -118.532659   0.53653741     3336   113888 10 16 12 12
36.968750 -118.468750   0.96694782     3340   121644 10 16 12 12
36.964025 -118.419979   0.47199828     3560   141174 9 16 12 12
36.936250 -118.888333   0.01650962     2639    71548 0 16 12 12
36.926174 -118.831046   0.20731587     2348    83104 1 16 12 12
36.909753 -118.781102   0.25856926     2315    83027 1 16 12 12
36.901306 -118.715769   0.78215288     2897    86354 6 16 12 12
36.906343 -118.656082   0.96174364     2974    96775 7 16 12 12
36.906250 -118.593750   0.96774117     3142   107107 10 16 12 12
36.905927 -118.531299   0.95737678     3095   115550 10 16 12 12
36.906748 -118.469881   0.92640814     3349   124226 9 16 12 12
36.907669 -118.404608   0.82511535     3395   131544 9 16 12 12
36.891735 -118.369946   0.06675771     3472   140895 6 16 12 12
36.871667 -118.750833   0.00275393     2503    86053 0 16 12 12
36.871667 -118.721667   0.09363375     3042    86239 6 16 12 12
36.855550 -118.639827   0.29201752     3166   102073 10 16 12 12
36.855500 -118.597663   0.54904173     3151   103483 10 16 12 12
36.844216 -118.529141   0.89625058     2618   110190 7 16 12 12
36.843750 -118.468750   0.96853338     3144   119662 10 16 12 12
36.843868 -118.408977   0.62515447     3377   131282 10 16 12 12
36.861019 -118.369352   0.05009154     3654   140856 7 16 12 12
36.770489 -118.572312   0.20769139     2564   107164 6 16 12 12
36.780728 -118.530471   0.94178916     2554   109289 10 16 12 12
36.781250 -118.468750   0.96932443     3052   117160 10 16 12 12
36.780803 -118.407189   0.93185964     3372   125108 10 16 12 12
36.754282 -118.370374   0.01275623     3574   134359 9 16 12 12
36.713346 -118.588450   0.69421878     2593   108717 7 16 12 12
36.718750 -118.531250   0.97011432     3155   114629 10 16 12 12
36.718750 -118.468750   0.97011432     3417   119815 9 16 12 12
36.718750 -118.406250   0.82885350     3520   125408 9 16 12 12
36.718824 -118.358482   0.41319282     3598   133727 10 16 12 12
36.648466 -118.700894   0.09407342     3030   122139 7 16 12 12
36.646317 -118.654646   0.47677396     3080   117448 10 16 12 12
36.655517 -118.592806   0.93142998     3029   115329 10 16 12 12
36.656250 -118.531250   0.97090307     3183   117749 10 16 12 12
36.656250 -118.468750   0.40488996     3678   125070 9 16 12 12
36.656250 -118.406250   0.00655658     3727   133203 9 16 12 12
36.594773 -118.593043   0.22298229     3200   124124 9 16 12 12
36.593750 -118.531250   0.36980929     3420   126467 9 16 12 12
36.593750 -118.468750   0.00259017     3749   129027 10 16 12 12
37.074604 -118.700610   0.14231346     3578   119600 9 3 12 12
37.079037 -118.662072   0.33145265     3545   118114 9 3 12 12
37.043325 -118.694638   0.14272158     3244   115484 7 3 12 12
37.034591 -118.654723   0.77856873     2991   108625 10 3 12 12
37.015255 -118.602091   0.38132563     2894   108248 10 3 12 12
37.002396 -118.552656   0.01649409     3191   114435 0 3 12 12
36.968333 -118.940417   0.02406639     2380    65668 0 3 12 12
36.962139 -118.910233   0.33181631     2561    66819 1 3 12 12
36.966250 -118.833958   0.13751874     2555    91790 1 3 12 12
36.983326 -118.629825   0.08181559     1961   103735 7 3 12 12
36.985087 -118.604696   0.33001847     2155   105039 7 3 12 12
36.971257 -118.529494   0.43043030     3237   114205 10 3 12 12
36.936250 -118.905833   0.00515926     2587    70468 0 3 12 12
36.936250 -118.526667   0.01031851     3396   131615 0 3 12 12
36.895069 -118.443368   0.04129743     3356   133164 0 3 12 12
36.887306 -118.428319   0.10325097     2992   131768 10 3 12 12
36.850190 -118.407625   0.24981782     3182   131560 10 3 12 12
36.844936 -118.368782   0.03856800     3509   140463 7 3 12 12
36.811250 -118.389167   0.00516771     3667   142483 0 3 12 12
37.125833 -118.972500   0.00343093     2510    84644 0 14 12 12
37.103184 -118.975705   0.13384765     2493    80119 6 14 12 12
36.892185 -119.269437   0.12733360      294     9443 0 14 12 12
36.887833 -119.241333   0.03441634      331    17615 0 14 12 12
36.856569 -119.322034   0.11707272      288      895 0 14 12 12
36.859628 -119.290308   0.22378735      278     1543 0 14 12 12
36.871667 -119.230833   0.01376967      311    20878 7 14 12 12
