39.309301 -120.767769   0.00013832     1446   110267 0 6 5 5
39.259925 -120.724361   0.07053434     1483   109951 6 6 5 5
39.194992 -120.823324   0.04816965     1079    95758 1 6 5 5
39.214445 -120.779980   0.28481023     1264    97363 6 6 5 5
39.243988 -120.743988   0.03098625     1419   108161 1 6 5 5
39.161002 -120.837315   0.33502160     1029    82186 1 6 5 5
39.151282 -120.776324   0.33370020     1217    84216 1 6 5 5
39.143457 -120.742420   0.11578917     1253    96206 1 6 5 5
39.077045 -120.880379   0.03050469      840    71209 1 6 5 5
39.098410 -120.835548   0.39437823      968    73925 1 6 5 5
39.083970 -120.779971   0.13104821     1088    81061 1 6 5 5
39.097114 -120.740496   0.22592535     1266    88948 1 6 5 5
39.007512 -120.886679   0.07550133      795    62458 1 6 5 5
39.027978 -120.839562   0.44222623      904    66302 1 6 5 5
39.048888 -120.786570   0.28504845     1064    78140 1 6 5 5
39.054642 -120.743562   0.04355254     1132    88791 1 6 5 5
39.011022 -120.515482   0.14210762     1425   113129 1 6 5 5
39.005000 -120.484167   0.06329342     1687   119031 1 6 5 5
38.990326 -120.897482   0.10218353      768    60985 6 6 5 5
38.996667 -120.871667   0.00888433      827    65737 0 6 5 5
38.964557 -120.775049   0.24774032      938    73614 1 6 5 5
38.966835 -120.735167   0.18274504     1041    80993 1 6 5 5
38.963609 -120.643023   0.16389485     1198    98026 6 6 5 5
38.963481 -120.587768   0.26791459     1308   103212 1 6 5 5
38.968693 -120.526962   0.62034811     1483   110421 6 6 5 5
38.978300 -120.487063   0.24769429     1499   118101 1 6 5 5
38.932233 -120.776910   0.11617132      925    73800 1 6 5 5
38.933608 -120.742398   0.02278768     1014    82443 6 6 5 5
38.908369 -120.635367   0.17568686     1293    97349 1 6 5 5
38.900701 -120.596282   0.53474984     1337    97481 1 6 5 5
38.908975 -120.528715   0.41268941     1395   113814 6 6 5 5
38.918796 -120.492500   0.07504399     1513   124669 6 6 5 5
38.871667 -120.625833   0.00222500     1255    96662 0 6 5 5
38.871667 -120.589524   0.03115002     1359    96886 6 6 5 5
38.756716 -120.767684   0.07576142      707    59846 6 6 5 5
38.756358 -120.740066   0.04957709      787    69818 7 6 5 5
38.757604 -120.640369   0.09805090     1006    85685 6 6 5 5
38.760225 -120.589144   0.23255912     1155    80365 6 6 5 5
38.756886 -120.534594   0.11214917     1218    86044 6 6 5 5
38.755498 -120.467407   0.10854654     1331   108505 1 6 5 5
38.755000 -120.427917   0.03844420     1283   117625 6 6 5 5
38.729843 -120.769108   0.22239600      695    56897 6 6 5 5
38.729741 -120.724323   0.34052336      808    61824 6 6 5 5
38.728538 -120.650705   0.43865295      943    70047 6 6 5 5
38.739167 -120.603437   0.18965001     1067    78020 6 6 5 5
38.746667 -120.448750   0.02006168     1434   114391 6 6 5 5
38.746667 -120.427917   0.02521498     1367   119361 1 6 5 5
38.875833 -121.085000   0.00111244      431    30932 0 6 5 5
38.868038 -121.091048   0.07453888      358    28503 7 6 5 5
38.722500 -121.169722   0.03330698      130     4583 7 6 5 5
38.787841 -120.573087   0.12252380      945    96659 6 6 5 5
38.774031 -120.535910   0.27291590     1063    99746 6 6 5 5
38.773977 -120.465311   0.32999276     1154   108172 6 6 5 5
38.775374 -120.432514   0.04038119     1168   116861 6 6 5 5
38.837613 -121.102484   0.13551410      226    20380 7 3 5 5
38.767685 -121.135895   0.05821545      155    10594 0 3 5 5
38.796680 -121.113414   0.03842170      190    15445 0 3 5 5
38.703103 -121.166027   0.15375233      108     1304 8 3 5 5
38.686250 -121.176667   0.00836548       75      687 0 3 5 5
38.693368 -121.151319   0.03220405      119     2106 0 4 5 5
38.682083 -121.166410   0.03541592       87      818 8 4 5 5
38.672500 -121.164167   0.00683303       92     2052 8 3 5 5
38.930833 -120.155833   0.00903141     2490   185521 6 16 5 5
38.859537 -120.117500   0.00876278     2524   163424 6 16 5 5
39.295557 -120.396861   0.16491713     2104   150840 6 3 5 5
39.288236 -120.345980   0.21289233     2200   155394 1 3 5 5
39.264600 -120.302150   0.05006167     2397   160408 1 3 5 5
39.240185 -120.284074   0.04758805     2447   161504 1 3 5 5
39.134167 -120.250833   0.00609609     2375   166793 0 3 5 5
39.134167 -120.246667   0.01898006     2447   166870 6 3 5 5
39.081777 -120.269067   0.16221919     2373   160105 6 3 5 5
39.084604 -120.240000   0.09413712     2374   166586 1 3 5 5
39.061250 -120.250833   0.00083215     2207   168353 0 3 5 5
39.052844 -120.217135   0.09487533     2385   168353 1 3 5 5
38.880000 -120.955833   0.05005666      499    45338 7 16 5 5
38.815417 -121.014167   0.00974208      438    36196 6 16 5 5
38.863122 -120.949294   0.10431426      461    41580 7 16 5 5
38.836407 -120.894556   0.21008789      525    41504 6 16 5 5
38.847500 -120.871667   0.01112879      569    56223 0 16 5 5
38.774850 -121.079199   0.16292027      277    16340 7 16 5 5
38.789227 -121.019139   0.10581071      360    18229 6 16 5 5
38.778531 -120.969144   0.11613365      363    28590 7 16 5 5
38.764626 -120.926793   0.13731267      415    38302 7 16 5 5
38.728707 -121.043046   0.16163904      263    18075 6 16 5 5
38.742500 -120.940417   0.01755368      321    36352 6 16 5 5
38.721820 -120.914370   0.24582345      380    37077 7 16 5 5
38.681540 -120.893877   0.03206903      453    46390 7 16 5 5
38.947312 -121.023208   0.10584709      426    43214 6 4 5 5
38.950814 -120.975329   0.11945603      429    47905 6 4 5 5
38.890937 -121.065417   0.02516546      368    33540 14 4 5 5
38.908667 -121.034496   0.42712251      373    32399 6 4 5 5
38.932133 -120.980367   0.06947284      312    45444 6 4 5 5
38.853242 -121.077594   0.17610107      287    24755 7 4 5 5
38.843087 -121.025157   0.57845604      403    27871 7 4 5 5
38.827311 -120.992291   0.09962064      324    34166 6 4 5 5
38.819739 -120.881830   0.02978303      469    48014 7 4 5 5
38.825011 -120.860244   0.16362979      551    52149 6 4 5 5
38.750833 -121.065417   0.00195018      192    17049 0 4 5 5
38.796553 -121.032263   0.26477685      365    17644 7 4 5 5
38.780726 -120.969024   0.55612349      323    27602 6 4 5 5
38.804523 -120.887963   0.03285161      412    46256 6 4 5 5
38.783377 -120.841895   0.55249683      489    49985 6 4 5 5
38.761178 -120.810316   0.01615564      484    60844 0 4 5 5
38.715758 -121.079400   0.35751186      204    11392 7 4 5 5
38.705840 -121.048103   0.23231654      316    17567 7 4 5 5
38.732038 -120.951615   0.18114777      343    32734 6 4 5 5
38.705722 -120.915273   0.23890584      392    37039 6 4 5 5
38.726870 -120.837505   0.17028542      539    45411 6 4 5 5
38.730800 -120.806873   0.08277189      591    54260 6 4 5 5
38.682083 -121.073750   0.04475958      254    23693 7 4 5 5
38.683047 -121.039238   0.03820585      358    24719 7 4 5 5
38.679216 -120.910417   0.13818893      446    44229 7 4 5 5
38.661657 -120.854560   0.10864324      531    49384 7 4 5 5
38.827197 -120.948362   0.12092233      254    35246 6 3 5 5
38.823036 -120.919867   0.16154505      299    39845 7 3 5 5
38.805873 -120.948482   0.06278054      331    34853 6 3 5 5
38.789169 -120.899446   0.42368104      343    41743 6 3 5 5
38.765038 -120.863807   0.14705593      492    45926 7 3 5 5
38.746667 -120.880000   0.01337345      384    44338 6 3 5 5
38.743129 -120.861761   0.05907084      429    45565 7 3 5 5
38.777519 -120.767973   0.24506896      549    61860 6 3 5 5
38.774213 -120.728326   0.29801910      702    71870 6 3 5 5
39.138256 -120.896815   0.23285098      823    78632 1 6 5 5
39.147380 -120.845025   0.36097935      767    84966 6 6 5 5
39.161029 -120.804828   0.07063230     1018    86645 1 6 5 5
39.087242 -120.951558   0.28230436      693    71241 6 6 5 5
39.094430 -120.907303   0.74924384      680    69713 6 6 5 5
39.088981 -120.852143   0.38539656      753    72142 1 6 5 5
39.088616 -120.791340   0.37154247     1044    81307 1 6 5 5
39.029061 -120.959585   0.51450234      625    55124 6 6 5 5
39.033791 -120.908345   0.70497008      584    59554 6 6 5 5
39.035527 -120.849225   0.33822809      735    67373 1 6 5 5
39.033968 -120.796766   0.01748181      855    76401 0 6 5 5
38.957495 -121.012462   0.09778512      458    44240 6 6 5 5
38.971987 -120.967563   0.66177369      475    47234 6 6 5 5
38.965502 -120.907570   0.67892996      575    53245 6 6 5 5
38.969500 -120.844704   0.73628781      614    64350 6 6 5 5
38.960864 -120.775296   0.27555258      855    72745 1 6 5 5
38.954752 -120.716679   0.28753240     1090    80916 1 6 5 5
38.936250 -121.009167   0.00916979      458    44927 0 6 5 5
38.930791 -120.951238   0.04793799      443    46262 6 6 5 5
38.910658 -120.901071   0.61008617      613    51107 6 6 5 5
38.906111 -120.850704   0.60739338      752    55767 1 6 5 5
38.901491 -120.780566   0.63438867      897    73915 1 6 5 5
38.904058 -120.719417   0.71857663     1062    82837 1 6 5 5
38.888502 -120.683125   0.04114468     1113    88702 1 6 5 5
38.881830 -120.574412   0.02975514     1415    99193 6 6 5 5
38.885316 -120.529009   0.20155928     1506   105758 6 6 5 5
38.887955 -120.496667   0.02446941     1616   116144 6 6 5 5
38.866022 -120.884301   0.06898420      604    52596 6 6 5 5
38.848427 -120.839103   0.60002921      656    55997 6 6 5 5
38.843630 -120.781121   0.77920279      730    59202 6 6 5 5
38.843750 -120.718750   0.78253409      883    77571 1 6 5 5
38.840209 -120.658409   0.68011666     1090    86180 1 6 5 5
38.841384 -120.592785   0.71520687     1285    91603 1 6 5 5
38.845037 -120.533909   0.68594202     1316   102235 6 6 5 5
38.863333 -120.496667   0.03115367     1581   115898 6 6 5 5
38.795693 -120.820755   0.08367364      605    48920 6 6 5 5
38.788190 -120.789791   0.44625838      619    59294 6 6 5 5
38.788895 -120.709776   0.43569019      815    72956 6 6 5 5
38.784633 -120.658522   0.68518693      870    81767 6 6 5 5
38.790783 -120.602165   0.42812188      974    89945 6 6 5 5
38.807661 -120.540365   0.09036223     1321   102104 6 6 5 5
38.713561 -120.843224   0.45991151      514    46044 7 6 5 5
38.713690 -120.780466   0.42159313      613    54251 6 6 5 5
38.716341 -120.716525   0.32168503      727    61946 6 6 5 5
38.724080 -120.668993   0.20261719      824    69833 6 6 5 5
38.677472 -120.854167   0.09190198      498    48713 7 6 5 5
38.682806 -120.762201   0.04057719      653    59150 6 6 5 5
38.683016 -120.744988   0.01715020      701    62691 7 6 5 5
38.899986 -121.023954   0.30082951      386    32569 6 6 5 5
38.903544 -120.969855   0.61436988      489    39621 6 6 5 5
38.890599 -120.924640   0.17181781      516    48052 6 6 5 5
38.825853 -121.074735   0.13483985      253    19501 7 6 5 5
38.847142 -121.050241   0.19433852      324    24285 6 6 5 5
38.847283 -120.973447   0.45767458      361    34275 7 6 5 5
38.856775 -120.914254   0.31212673      537    41110 6 6 5 5
38.781898 -121.092729   0.32595422      221    11761 7 6 5 5
38.808895 -121.058895   0.00960380      411    22773 0 6 5 5
38.811250 -120.972500   0.00417542      246    33958 0 6 5 5
38.771544 -120.909755   0.18939161      448    41011 6 6 5 5
38.739167 -121.125833   0.00278643      131    10003 0 6 5 5
38.744792 -121.109792   0.04457935      160    10166 0 6 5 5
38.726483 -120.891850   0.27869371      429    40743 7 6 5 5
38.730833 -120.869461   0.04737257      458    45188 7 6 5 5
38.785000 -121.065417   0.03898836      277    19686 7 3 5 5
38.768571 -121.032811   0.39884012      257    18382 6 3 5 5
38.757057 -120.992816   0.04401169      322    27410 6 3 5 5
38.724698 -121.017240   0.35257443      372    20428 6 3 5 5
38.717438 -120.972608   0.46852833      431    29014 7 3 5 5
38.694583 -120.936250   0.00710983      410    42254 0 3 5 5
38.682083 -121.007756   0.00836567      390    28890 0 3 5 5
38.677917 -120.948750   0.08018086      456    42238 7 3 5 5
38.677917 -120.936250   0.00920304      458    44507 0 3 5 5
39.190417 -120.789167   0.02907173     1026    99021 0 16 5 5
39.154952 -120.784981   0.30331765      993    87130 1 16 5 5
39.105250 -120.768333   0.27722461     1150    86724 1 16 5 5
39.024227 -120.788966   0.23034437      838    76624 6 16 5 5
38.946498 -120.817331   0.03597995      773    71569 1 16 5 5
38.977788 -120.799328   0.21118993      760    72805 6 16 5 5
38.906735 -120.819537   0.17444084      804    71531 1 16 5 5
38.906250 -120.811250   0.03126931      850    73429 0 16 5 5
38.871667 -120.815417   0.00778751      716    82815 6 16 5 5
38.871667 -120.811250   0.00333750      764    82738 0 16 5 5
38.680833 -121.180833   0.01003941       53        0 7 6 5 5
39.190417 -120.690417   0.00678340     1394   110941 1 3 5 5
39.190417 -120.674293   0.02228833     1346   113396 1 3 5 5
39.194080 -120.590891   0.08028730     1587   120851 1 3 5 5
39.144966 -120.713504   0.30906189     1367    97561 1 3 5 5
39.167585 -120.659580   0.42639060     1552   104852 1 3 5 5
39.173950 -120.610967   0.13847283     1582   112219 1 3 5 5
39.099951 -120.722875   0.15385742     1312    91306 1 3 5 5
39.108958 -120.633125   0.04435054     1271   106195 6 3 5 5
39.107272 -120.593671   0.13166776     1507   109058 1 3 5 5
39.092668 -120.550641   0.16497012     1760   115817 1 3 5 5
39.065417 -120.430833   0.00970779     1696   129143 1 3 5 5
39.061250 -120.730833   0.00416073     1168    91028 0 3 5 5
39.010514 -120.641497   0.14766453     1187    97444 6 3 5 5
39.009856 -120.595283   0.23816316     1388   101934 1 3 5 5
39.028042 -120.533597   0.29416275     1456   111716 1 3 5 5
39.034739 -120.471351   0.37599197     1617   119261 1 3 5 5
39.058542 -120.433542   0.00832178     1757   128827 0 3 5 5
38.994988 -120.642935   0.07441627     1202    97563 6 3 5 5
38.994118 -120.602330   0.11441333     1318   102126 1 3 5 5
38.834222 -120.512703   0.09378164     1377   108215 6 3 5 5
38.828665 -120.471061   0.36398666     1478   111378 6 3 5 5
38.792758 -120.521981   0.27648816     1297   101983 6 3 5 5
38.798488 -120.472497   0.32492977     1414   109006 6 3 5 5
38.787320 -120.403637   0.25756947     1535   116983 6 3 5 5
38.789994 -120.352390   0.14534776     1648   125503 6 3 5 5
38.755000 -120.311250   0.00501446     1511   132843 0 3 5 5
38.729744 -120.396026   0.33931236     1495   120240 6 3 5 5
38.719182 -120.343520   0.42825945     1710   126772 6 3 5 5
38.713293 -120.286091   0.47164727     1866   133955 6 3 5 5
38.683333 -120.320609   0.01017855     1880   138318 1 3 5 5
38.676409 -120.284179   0.13177436     1927   138596 6 3 5 5
39.083530 -120.398002   0.36880247     1649   130185 6 3 5 5
39.088526 -120.367179   0.07208506     1616   149542 0 3 5 5
39.018694 -120.450239   0.20734502     1466   123416 1 3 5 5
39.043875 -120.420778   0.25052318     1477   129143 6 3 5 5
38.946498 -120.692331   0.03597994     1079    99029 0 3 5 5
38.944677 -120.676466   0.06820512     1039    98991 1 3 5 5
38.987341 -120.454793   0.14800208     1348   130310 1 3 5 5
38.992500 -120.436250   0.00749660     1632   135241 0 3 5 5
38.929778 -120.693581   0.04043532     1205    94234 1 3 5 5
38.906399 -120.661226   0.55582670     1264    89820 1 3 5 5
38.906204 -120.620833   0.02501910     1314    97950 1 3 5 5
38.867176 -120.642269   0.10014079     1269    90168 1 3 5 5
38.866474 -120.616474   0.03615887     1308    96733 1 3 5 5
38.836070 -120.387378   0.18699576     1615   130467 1 3 5 5
38.822724 -120.349706   0.18309934     1690   134196 6 3 5 5
38.773218 -120.400827   0.35091878     1301   117271 6 3 5 5
38.779110 -120.341902   0.63497325     1558   124656 6 3 5 5
38.772055 -120.282321   0.53247686     1587   132489 6 3 5 5
38.778190 -120.225596   0.34754819     1800   140245 6 3 5 5
38.793693 -120.160280   0.16150027     1914   148017 1 3 5 5
38.746667 -120.375833   0.00222891     1525   126446 0 3 5 5
38.727861 -120.338748   0.24846951     1664   126369 6 3 5 5
38.729690 -120.275030   0.29083476     1748   134071 6 3 5 5
38.725866 -120.227188   0.35866108     1752   140922 6 3 5 5
38.720577 -120.182083   0.01811650     1982   150379 6 3 5 5
38.686250 -120.315417   0.00292792     1813   138542 0 3 5 5
38.683045 -120.299712   0.02356486     1790   138318 0 3 5 5
39.068519 -120.382342   0.03799691     1897   147213 6 6 5 5
39.069583 -120.371667   0.01885974     2070   149728 1 6 5 5
39.031157 -120.389646   0.20341359     1935   140495 6 6 5 5
39.036290 -120.360459   0.17536704     2079   149728 6 6 5 5
38.940417 -120.500833   0.00194499     1046   124183 0 6 5 5
38.952002 -120.465969   0.31457929     1461   124500 6 6 5 5
38.961716 -120.408488   0.29456895     1644   134392 1 6 5 5
38.925348 -120.504258   0.02028783     1209   119090 6 6 5 5
38.905526 -120.465137   0.68238140     1632   119314 6 6 5 5
38.908320 -120.411599   0.55384844     1699   128074 6 6 5 5
38.894239 -120.364964   0.06394950     1595   133330 6 6 5 5
38.847500 -120.500833   0.00278220     1468   115373 0 6 5 5
38.856344 -120.464333   0.38742461     1497   115635 6 6 5 5
38.836023 -120.417056   0.39578272     1642   125165 6 6 5 5
38.811250 -120.440417   0.00292280     1484   130419 0 6 5 5
38.807319 -120.413367   0.09591374     1581   124340 6 6 5 5
39.284265 -120.571217   0.07050966     1968   128758 1 3 5 5
39.290103 -120.549827   0.09621440     1961   134140 1 3 5 5
39.192702 -120.533522   0.04291182     1934   130605 1 3 5 5
39.196498 -120.442331   0.03585271     2086   142343 1 3 5 5
39.210653 -120.401991   0.40286795     2075   138955 1 3 5 5
39.219614 -120.340952   0.35563947     2218   149063 1 3 5 5
39.209405 -120.305774   0.04843102     2485   153617 6 3 5 5
39.174726 -120.519018   0.17031559     1952   124919 1 3 5 5
39.156368 -120.458851   0.39354134     1962   129622 1 3 5 5
39.156066 -120.415593   0.38681983     1971   133534 1 3 5 5
39.146700 -120.343637   0.46544627     2204   142955 6 3 5 5
39.154662 -120.300544   0.14349645     2341   153972 1 3 5 5
39.069583 -120.500833   0.00471493     1557   121166 0 3 5 5
39.083008 -120.465718   0.46376195     1770   121352 6 3 5 5
39.101583 -120.412485   0.34333919     1891   128750 6 3 5 5
39.111000 -120.335985   0.23561448     2079   152636 1 3 5 5
39.116712 -120.303480   0.06152941     2089   158507 1 3 5 5
39.044677 -120.504593   0.03690274     1455   119153 1 3 5 5
39.053297 -120.482817   0.13388639     1577   120156 1 3 5 5
39.019434 -120.413587   0.23161229     1766   129035 6 3 5 5
38.970866 -120.446217   0.07082530     1574   131559 1 3 5 5
38.982058 -120.425808   0.15689616     1726   134237 1 3 5 5
38.758918 -120.198236   0.06546300     2101   143994 1 3 5 5
38.761409 -120.166196   0.19358385     2162   148794 1 3 5 5
38.690417 -120.259167   0.02147014     1973   143457 0 3 5 5
38.708283 -120.227811   0.18202553     1848   143862 6 3 5 5
38.739621 -120.155833   0.15326113     2287   149279 1 3 5 5
38.675281 -120.258368   0.08562266     2000   143010 6 3 5 5
38.651763 -120.226170   0.35347122     2118   145279 1 3 5 5
38.639167 -120.182083   0.01813731     2302   156742 1 3 5 5
38.833954 -120.319218   0.07778069     1786   139661 6 3 5 5
38.823304 -120.304353   0.07667052     1904   141891 6 3 5 5
38.811250 -120.315417   0.00292280     1767   149483 0 3 5 5
38.803077 -120.298297   0.06528379     1960   136416 6 3 5 5
38.771647 -120.208921   0.17686204     1994   142274 1 3 5 5
38.781054 -120.151537   0.21025947     1938   148387 1 3 5 5
38.786894 -120.110303   0.18378643     2183   155958 1 3 5 5
39.267909 -120.699416   0.16400231     1529   110622 6 6 5 5
39.278064 -120.660209   0.51765080     1579   115300 1 6 5 5
39.250833 -120.514167   0.00829906     1713   135405 0 6 5 5
39.209139 -120.760208   0.15599343     1112   100325 6 6 5 5
39.217953 -120.717953   0.74062197     1132   103057 1 6 5 5
39.214211 -120.660188   0.57678552     1265   111875 1 6 5 5
39.207660 -120.596772   0.30116994     1197   119592 1 6 5 5
39.227223 -120.526202   0.33346263     1292   127457 1 6 5 5
39.217661 -120.491694   0.08579141     1270   135174 6 6 5 5
39.180226 -120.765110   0.07144513      841    99277 1 6 5 5
39.170272 -120.715589   0.35424600     1028    98772 1 6 5 5
39.142543 -120.652223   0.35266420     1433   104181 1 6 5 5
39.150272 -120.592337   0.58092365     1521   111455 6 6 5 5
39.138522 -120.543011   0.17178576     1725   119767 6 6 5 5
39.132855 -120.487686   0.06511344     1773   127638 1 6 5 5
39.136397 -120.416434   0.05902105     1678   133387 1 6 5 5
39.089463 -120.704877   0.39998616     1081    94214 1 6 5 5
39.092833 -120.657645   0.73540474     1167    97524 1 6 5 5
39.091002 -120.593766   0.67578552     1512   103564 6 6 5 5
39.093194 -120.526226   0.58789925     1598   117887 1 6 5 5
39.108608 -120.477127   0.26469652     1625   122662 1 6 5 5
39.116432 -120.422824   0.03242830     1636   132147 0 6 5 5
39.017276 -120.766846   0.24758459      703    79996 6 6 5 5
39.029689 -120.717206   0.73274704      781    84540 6 6 5 5
39.036087 -120.659691   0.63280255      958    93635 6 6 5 5
39.040642 -120.593077   0.54231990     1298   103330 1 6 5 5
39.042059 -120.539495   0.30730888     1358   111269 1 6 5 5
38.996667 -120.767500   0.04664275      752    80089 0 6 5 5
38.987567 -120.713460   0.27494392      774    82473 6 6 5 5
38.969869 -120.660000   0.47464076      816    94731 6 6 5 5
38.965010 -120.595306   0.39884885     1155   102765 6 6 5 5
38.969321 -120.548364   0.15886571     1442   110559 6 6 5 5
38.936250 -120.634167   0.00916979     1135   105025 0 6 5 5
38.924003 -120.587339   0.20622760     1047   107146 1 6 5 5
38.924623 -120.545134   0.14730674     1103   114663 6 6 5 5
39.351619 -120.647319   0.00234925     1736   127198 1 3 5 5
39.343762 -120.592933   0.05222296     1802   126764 6 3 5 5
39.347368 -120.404049   0.00221107     2169   159143 7 3 5 5
39.311250 -120.640938   0.00621849     1712   125971 0 3 5 5
39.306264 -120.586599   0.10948245     1815   126317 6 3 5 5
39.287676 -120.525373   0.24764545     1967   133497 6 3 5 5
39.285345 -120.467412   0.38301359     2043   137626 6 3 5 5
39.280233 -120.411721   0.40731290     1959   145595 6 3 5 5
39.275956 -120.344310   0.33504882     2003   152748 1 3 5 5
39.256478 -120.307755   0.02572418     2234   159993 6 3 5 5
39.197269 -120.381629   0.05453901     1850   145276 6 3 5 5
39.217410 -120.345557   0.41389253     1937   145675 6 3 5 5
39.217578 -120.293765   0.34511702     2300   153486 6 3 5 5
39.160556 -120.393042   0.32768945     1737   135934 1 3 5 5
39.166857 -120.343875   0.36909224     2056   142863 6 3 5 5
39.155968 -120.277932   0.58738658     2228   153639 1 3 5 5
39.147500 -120.246667   0.00512523     2512   168212 0 3 5 5
39.114167 -120.375833   0.00277174     1953   151834 0 3 5 5
39.086535 -120.342228   0.43933543     1762   150607 6 3 5 5
39.094714 -120.282660   0.55044904     2079   157605 1 3 5 5
39.110000 -120.246667   0.02217522     2324   166509 0 3 5 5
39.023910 -120.380962   0.08658510     1890   139584 6 3 5 5
39.029883 -120.338983   0.60318614     2014   147139 6 3 5 5
39.038986 -120.282840   0.52291280     1944   157378 6 3 5 5
39.036096 -120.228319   0.30937825     2161   166247 1 3 5 5
38.968147 -120.393980   0.32222209     1677   137331 6 3 5 5
38.968091 -120.344429   0.78724469     1852   140387 6 3 5 5
38.961557 -120.294393   0.37926070     2101   144717 6 3 5 5
38.920238 -120.384246   0.11673972     1730   130777 1 3 5 5
38.907405 -120.341933   0.71598874     1767   133084 6 3 5 5
38.904548 -120.282927   0.23752518     2082   140917 6 3 5 5
38.864136 -120.381491   0.06064335     1533   130700 0 3 5 5
38.856182 -120.345499   0.44428025     1615   132816 6 3 5 5
38.842502 -120.279301   0.61407928     1958   141930 6 3 5 5
38.836220 -120.224135   0.51406955     2183   150586 1 3 5 5
38.822207 -120.168742   0.14959037     2373   151411 6 3 5 5
38.822066 -120.089677   0.19172112     2281   157122 1 3 5 5
38.824194 -120.047097   0.08502437     2256   165214 1 3 5 5
38.801213 -120.271088   0.18041704     2060   136570 1 3 5 5
38.802178 -120.228690   0.15159197     2123   141766 1 3 5 5
38.807371 -120.166726   0.03633524     2282   148925 6 3 5 5
38.807347 -120.098854   0.11206953     2078   156674 6 3 5 5
38.811250 -120.044263   0.00542805     2380   165776 0 3 5 5
38.716088 -120.199521   0.24319310     1892   145751 6 3 5 5
38.712212 -120.166650   0.40068974     2017   148870 1 3 5 5
38.669605 -120.206905   0.26372239     1944   149414 6 3 5 5
38.675303 -120.168948   0.14628161     2037   151018 6 3 5 5
39.015599 -120.277697   0.25312351     2048   160018 7 16 5 5
39.012531 -120.222601   0.20385055     2155   169679 6 16 5 5
38.974751 -120.267422   0.38746916     2256   150217 6 16 5 5
38.968469 -120.219035   0.77015662     2246   152694 6 16 5 5
38.959029 -120.168621   0.31581751     2431   178813 7 16 5 5
38.875833 -120.315417   0.00194676     1643   140230 0 16 5 5
38.906993 -120.280518   0.54433501     2101   140955 7 16 5 5
38.906250 -120.218750   0.78184623     2454   150076 7 16 5 5
38.904353 -120.171397   0.37025774     2478   170754 7 16 5 5
38.871667 -120.315417   0.00778751     1720   140415 6 16 5 5
38.869167 -120.275000   0.09178454     2014   141141 6 16 5 5
38.858167 -120.208441   0.26849076     2366   150832 7 16 5 5
38.842685 -120.154691   0.44699018     2545   154450 6 16 5 5
38.836389 -120.111944   0.11658160     2456   158278 6 16 5 5
38.815417 -120.051667   0.01948416     2296   166201 1 16 5 5
38.806375 -120.199458   0.04175554     2206   147854 6 16 5 5
38.786330 -120.145424   0.18154588     2149   149429 1 16 5 5
38.775949 -120.086715   0.42138864     2382   157377 1 16 5 5
38.784895 -120.053907   0.16496065     2572   164398 6 16 5 5
38.719222 -120.134389   0.16723849     2220   155317 6 16 5 5
38.722758 -120.098419   0.47936124     2320   158665 6 16 5 5
38.699618 -120.032659   0.17060488     2465   167122 6 16 5 5
38.690417 -119.996667   0.00780732     2609   176735 6 16 5 5
38.645243 -120.196957   0.05509982     2069   153665 0 16 5 5
38.654980 -120.152658   0.45789956     2209   152198 6 16 5 5
38.646688 -120.094659   0.49606932     2442   158759 6 16 5 5
38.654805 -120.029117   0.35717332     2675   168193 7 16 5 5
38.645564 -119.981362   0.05271037     2763   176828 7 16 5 5
38.592774 -120.157302   0.00223281     2403   166575 6 16 5 5
38.590037 -120.091050   0.02456256     2457   166019 7 16 5 5
38.755053 -120.083894   0.06602499     2460   159467 6 3 5 5
38.750833 -120.057083   0.00348256     2733   164398 0 3 5 5
38.703229 -120.135729   0.04460556     2134   156528 1 3 5 5
38.712440 -120.086399   0.30453125     2493   159136 6 3 5 5
38.719007 -120.041528   0.26394220     2624   164437 6 3 5 5
38.698018 -119.992803   0.03443160     2671   176604 6 3 5 5
38.635729 -120.153229   0.05190686     2326   157206 0 3 5 5
38.676377 -120.087886   0.23441344     2556   159692 6 3 5 5
38.673750 -120.057083   0.05982361     2632   168532 6 3 5 5
38.652773 -119.962227   0.01812626     2716   177553 7 3 5 5
38.614799 -120.137557   0.01395540     2475   166221 6 3 5 5
38.606354 -120.102917   0.00348908     2558   167448 7 3 5 5
39.275117 -120.632734   0.14161566     1666   117831 1 3 5 5
39.275581 -120.597990   0.61108322     1877   122424 6 3 5 5
39.259910 -120.534577   0.17977947     1842   132340 6 3 5 5
39.256938 -120.477164   0.11475350     1991   136584 6 3 5 5
39.254714 -120.398812   0.09263994     1691   145410 6 3 5 5
39.255000 -120.371667   0.01327771     1701   151930 6 3 5 5
39.236867 -120.641343   0.17930315     1590   116898 1 3 5 5
39.232149 -120.592036   0.39696695     1735   121382 1 3 5 5
39.214500 -120.535196   0.40202644     1676   124309 1 3 5 5
39.220107 -120.467194   0.65677706     1738   135606 6 3 5 5
39.232557 -120.415776   0.32100906     1731   142470 6 3 5 5
39.246667 -120.371667   0.00885286     1816   152486 0 3 5 5
39.173354 -120.567553   0.05968577     1698   120390 6 3 5 5
39.156015 -120.531397   0.43697604     1880   120931 1 3 5 5
39.160857 -120.477058   0.32047766     1865   128833 1 3 5 5
39.121667 -120.526667   0.02217155     1828   124341 1 3 5 5
39.125833 -120.426667   0.00554256     1681   133349 0 14 5 5
39.114167 -120.452917   0.05127716     1617   128680 0 14 5 5
39.097790 -120.408364   0.09564769     1510   132109 6 14 5 5
39.089167 -120.364167   0.01386361     1432   150437 0 14 5 5
39.000833 -120.315417   0.00194333     1967   158759 0 14 5 5
39.000833 -120.307083   0.00360905     1944   158273 0 14 5 5
38.991859 -120.319957   0.02165703     1943   158666 0 14 5 5
38.996667 -120.307083   0.01443704     1943   158458 0 14 5 5
38.897500 -120.589167   0.01390120     1324   113465 0 14 5 5
38.881250 -120.402708   0.11122501     1486   127396 6 14 5 5
38.822034 -121.092598   0.04731535      148    19616 0 14 5 5
38.867167 -120.411667   0.13906163     1482   125760 6 14 5 5
38.827500 -120.347500   0.06957448     1670   136804 6 14 5 5
38.758241 -121.132623   0.04513211      133    10632 0 14 5 5
38.774583 -121.104789   0.15679351      142    11400 0 14 5 5
38.755833 -121.061250   0.00417867      153    17951 0 14 5 5
38.723078 -121.143124   0.33974714      131     5030 0 14 5 5
38.729452 -121.104963   0.25318253      137     8721 0 14 5 5
38.700278 -120.044722   0.04181856     2389   169746 0 14 5 5
38.660000 -120.125833   0.00557903     2247   160440 0 14 5 5
38.661603 -120.118782   0.03626279     2225   160401 0 14 5 5
