37.754405 -120.210595   0.03467763      741    41812 6 6 10 10
37.701686 -120.265751   0.33065631      386    27885 7 6 10 10
37.722310 -120.211596   0.22946480      562    31752 7 6 10 10
37.721683 -120.177386   0.25276014      680    39917 6 6 10 10
37.660462 -120.259734   0.22570687      402    19190 7 6 10 10
37.643232 -120.218415   0.44496848      573    20514 6 6 10 10
37.628512 -120.184315   0.01389429      633    38626 0 6 10 10
37.621667 -120.250833   0.00397026      438    18647 0 6 10 10
37.617933 -120.214415   0.25815666      571    18724 7 6 10 10
37.616174 -120.182557   0.06551182      767    25578 6 6 10 10
37.690417 -120.160000   0.06941520      867    41035 6 6 10 10
37.671344 -120.142667   0.39678018      909    40346 6 6 10 10
37.657940 -120.103581   0.45137878      845    46600 6 6 10 10
37.588183 -120.203756   0.35624319      477    19430 7 6 10 10
37.585000 -120.186250   0.01315760      616    25163 0 6 10 10
37.545688 -120.014239   0.09985267      937    62064 6 6 10 10
37.547500 -119.991364   0.10556286      952    63176 6 6 10 10
37.701667 -119.875833   0.00991495     1158    86592 7 6 10 10
37.696688 -119.865708   0.09915411     1194    86777 6 6 10 10
37.668182 -119.856767   0.28765197      841    87518 6 6 10 10
37.577917 -119.853919   0.18373240     1190    85959 6 6 10 10
37.584496 -119.761059   0.19464313     1411   105795 1 6 10 10
37.565417 -119.742500   0.03128942     1771   112253 1 6 10 10
37.576791 -119.674414   0.18373369     1651   119383 1 6 10 10
37.530833 -119.897500   0.01987537      983    82450 6 6 10 10
37.553438 -119.846458   0.12840725     1136   106773 6 6 10 10
37.547434 -119.752807   0.01862934     1935   112854 0 6 10 10
37.538016 -119.719461   0.76961513     1686   114047 1 6 10 10
37.532320 -119.657866   1.24567557     1406   121866 1 6 10 10
37.527990 -119.606281   0.51080283     1653   130268 1 6 10 10
37.490506 -119.658529   0.18620359     1721   130959 1 6 10 10
37.490307 -119.615526   0.07084379     1695   134570 1 6 10 10
37.472500 -120.326667   0.04798796      168     9066 8 6 10 10
37.707201 -120.211174   0.37895986      541    32353 7 6 10 10
37.694583 -120.186250   0.01264219      584    39600 0 6 10 10
37.708161 -120.082180   0.63177331      898    67622 6 6 10 10
37.700815 -120.036558   0.46963227      817    67583 6 6 10 10
37.702777 -119.963170   0.61590214      956    75224 6 6 10 10
37.703978 -119.907850   0.68030324     1152    81872 6 6 10 10
37.692810 -119.836588   0.07337773     1268    86662 6 6 10 10
37.677255 -120.194739   0.07959945      575    32238 6 6 10 10
37.651855 -120.172483   0.37279973      421    35517 6 6 10 10
37.653998 -120.090136   0.61437731      707    48505 6 6 10 10
37.659587 -120.027896   1.19531480      731    58590 6 6 10 10
37.656250 -119.968750   1.39514371      886    62447 6 6 10 10
37.656250 -119.906250   1.39514371      765    73425 6 6 10 10
37.651186 -119.840309   1.03773910      881    85914 6 6 10 10
37.648040 -119.793129   0.68945616     1148    95405 6 6 10 10
37.629282 -119.745374   0.02878051     1510   110994 6 6 10 10
37.607271 -120.145371   0.29683723      473    40058 6 6 10 10
37.607771 -120.091258   0.70839806      455    44216 6 6 10 10
37.595828 -120.030443   1.11455254      622    52867 6 6 10 10
37.599985 -119.968748   1.06144442      691    61894 6 6 10 10
37.601693 -119.912905   0.82409690     1016    72485 6 6 10 10
37.610274 -119.831124   0.37733820      809    89842 6 6 10 10
37.597372 -119.784625   1.09717648     1098    99183 6 6 10 10
37.609167 -119.741282   0.16974939     1189   108086 6 6 10 10
37.561250 -120.005000   0.00894033      854    61655 0 6 10 10
37.561250 -119.987870   0.01341050      871    62898 0 6 10 10
37.561250 -119.922500   0.00745028      806    78100 0 6 10 10
37.536811 -119.767091   0.53137505     1459   105092 1 6 10 10
37.535000 -119.746667   0.07949762     1833   113593 0 6 10 10
37.771789 -120.291095   0.00024771      674    43417 6 4 10 10
37.760509 -120.234815   0.09758575      732    41512 6 4 10 10
37.713076 -120.331092   0.31255774      379    27982 7 4 10 10
37.723970 -120.286200   0.79101476      530    28206 7 4 10 10
37.721759 -120.223050   0.59473718      552    31752 7 4 10 10
37.722500 -120.186250   0.00743412      583    42554 0 4 10 10
37.672353 -120.338930   0.01636414      353    27288 7 4 10 10
37.657655 -120.284152   0.86882755      357    18643 7 4 10 10
37.658237 -120.219109   0.73909608      462    21485 6 4 10 10
37.638038 -120.181868   0.07690482      444    35239 6 4 10 10
37.644599 -120.071976   0.19697409      670    53483 6 4 10 10
37.636297 -120.051304   0.19993696      568    56436 6 4 10 10
37.590043 -120.277190   0.67200622      300    10408 7 4 10 10
37.591747 -120.227917   0.63449831      388    16950 7 4 10 10
37.589642 -120.163538   0.70328210      671    24661 6 4 10 10
37.582499 -120.088745   0.39624169      778    45673 6 4 10 10
37.586086 -120.037925   0.25194355      635    55171 6 4 10 10
37.530732 -120.318872   0.17742141      154      594 11 4 10 10
37.531577 -120.282269   1.18752857      228     2285 7 4 10 10
37.555032 -120.241174   0.03700794      344    14544 0 4 10 10
37.561250 -120.155833   0.00571197      857    29212 0 4 10 10
37.555179 -120.068471   0.03874762     1148    56932 6 4 10 10
37.548962 -120.036998   0.47569378      982    58235 6 4 10 10
37.491077 -120.293841   0.19265761      187     5247 11 4 10 10
37.522500 -120.330833   0.01118110      112        0 0 3 10 10
37.500833 -120.315417   0.00099418      143     5270 0 6 10 10
37.500833 -120.311250   0.00149126      144     5286 0 6 10 10
37.482381 -120.315417   0.03356489      156     5695 8 6 10 10
37.478357 -120.307435   0.07010975      158     5378 8 6 10 10
37.789394 -120.274248   0.00099084      716    43417 6 16 10 10
37.754282 -120.245374   0.00569718      673    41812 0 16 10 10
37.746667 -120.250833   0.00396357      642    42892 0 16 10 10
37.736556 -120.230858   0.13378803      582    36884 7 16 10 10
37.690417 -120.180833   0.01735380      591    40217 0 16 10 10
37.655833 -120.311250   0.00024801      354    25444 0 16 10 10
37.650058 -120.151365   0.51345116      590    38109 7 16 10 10
37.614236 -120.133750   0.11912320      383    41717 6 16 10 10
37.597500 -120.121667   0.01985774      603    45466 0 16 10 10
37.739069 -120.342108   0.00718545      387    33559 7 3 10 10
37.774735 -120.225735   0.08767780      787    42074 6 3 10 10
37.750833 -120.186250   0.00148626      731    46797 0 3 10 10
37.746667 -120.190417   0.01387250      734    46072 0 3 10 10
37.746667 -120.186250   0.00594536      688    45979 0 3 10 10
37.816743 -120.028330   0.00123751     1122    88628 6 6 10 10
37.786999 -120.026454   0.91785199     1047    80574 6 6 10 10
37.780184 -119.969813   0.71490283     1260    84300 6 6 10 10
37.783560 -119.910162   0.02377671     1642    88362 6 6 10 10
37.764642 -119.841608   0.27982647     1793    94334 1 6 10 10
37.765988 -119.796522   0.07652746     1990   107054 1 6 10 10
37.735093 -119.969386   0.49059320     1091    78059 6 6 10 10
37.724863 -119.843664   0.89607096     1541    89091 1 6 10 10
37.741712 -119.803480   0.10999411     1902   102787 1 6 10 10
37.682083 -119.843333   0.06446421      871    91957 7 6 10 10
37.838464 -120.091969   0.13289147      990    91568 6 6 10 10
37.845570 -120.053931   0.03316187      990    91366 6 6 10 10
37.792133 -120.210380   0.05721356      918    47059 6 6 10 10
37.781282 -120.156218   0.83698874     1022    46890 6 6 10 10
37.781250 -120.093750   1.20960159      959    81469 6 6 10 10
37.766774 -120.043325   0.39586431      877    79309 6 6 10 10
37.750833 -119.996667   0.00396335     1060    84278 0 6 10 10
37.729192 -120.145928   0.69640211      930    45385 6 6 10 10
37.728389 -120.103086   0.74484717      952    51527 6 6 10 10
37.727862 -120.028553   0.92433777      858    71201 6 6 10 10
37.720432 -119.992230   0.21408026      926    75614 6 6 10 10
37.686250 -120.125833   0.00148755      998    52799 0 6 10 10
37.686250 -120.121667   0.00595021      931    52722 0 6 10 10
37.583735 -119.895102   0.51890315     1147    75726 6 6 10 10
37.589768 -119.847217   0.83358684     1139    85048 6 6 10 10
37.572958 -119.783419   0.10453286     1331   104498 1 6 10 10
37.581904 -119.728047   0.50619960     1471   108888 1 6 10 10
37.565417 -119.686250   0.00521490     1494   120285 0 6 10 10
37.551259 -119.894868   0.26775721     1031    78995 6 6 10 10
37.553330 -119.826022   0.15648606     1245   105076 6 6 10 10
37.542354 -119.794057   0.42129882     1226   105408 6 6 10 10
37.557800 -119.707800   0.11700233     1460   120099 1 6 10 10
37.561250 -119.686250   0.00223508     1375   122036 0 6 10 10
37.702357 -120.157388   0.33213672      788    40147 6 6 10 10
37.690417 -120.114167   0.01735380      899    52684 0 6 10 10
37.684896 -120.132708   0.01983439     1039    45602 0 6 10 10
37.677884 -120.108807   0.12645428      765    53077 6 6 10 10
37.580833 -120.005000   0.02979328      761    60837 6 6 10 10
37.573988 -119.968756   0.33494477      789    64924 6 6 10 10
37.567173 -119.933116   0.03004627      820    75563 6 6 10 10
37.549890 -119.965018   0.39717922      962    64563 6 6 10 10
37.537086 -119.920419   0.50230694      885    76349 6 6 10 10
37.629199 -119.691779   0.02580352     1645   117670 1 3 10 10
37.630000 -119.686250   0.00893208     1718   118789 0 3 10 10
37.596384 -119.702789   0.58486347     1300   112068 6 3 10 10
37.597163 -119.683026   0.12505729     1680   117146 1 3 10 10
37.514264 -119.700929   0.13543384     1695   127251 1 3 10 10
37.508120 -119.640828   0.11083962     1576   127082 1 3 10 10
37.514529 -119.614964   0.11430713     1742   130799 1 3 10 10
37.488333 -119.690417   0.02859075     1843   132343 0 3 10 10
37.487605 -119.646201   0.24261521     1630   132225 1 3 10 10
37.472769 -119.604054   0.27896628     1737   134848 1 3 10 10
37.443485 -119.547094   0.01019746     2003   147855 1 3 10 10
37.790218 -119.784558   0.09411901     1946   112240 1 3 10 10
37.718148 -119.765261   0.52391945     1496    98368 6 3 10 10
37.702062 -119.728231   0.47706129     1442   104379 6 3 10 10
37.690417 -119.686250   0.00520614     1928   113036 0 3 10 10
37.677368 -119.774723   0.30895516      841    97959 6 3 10 10
37.672969 -119.716007   0.48980895     1559   103909 1 3 10 10
37.662853 -119.686250   0.00967214     2021   112227 0 3 10 10
37.804583 -119.945637   0.00346793     1442    88100 6 3 10 10
37.779087 -119.902587   0.24934986     1443    88100 6 3 10 10
37.791094 -119.846668   0.06662675     1527    93864 1 3 10 10
37.738615 -119.942810   0.07333721     1237    85198 0 3 10 10
37.733269 -119.905132   0.70374917     1171    85150 6 3 10 10
37.714484 -119.838912   0.32541778     1377    88305 6 3 10 10
37.714680 -119.790419   0.73133462     1515    97457 6 3 10 10
37.686250 -119.815417   0.00520643     1089    97256 0 3 10 10
37.654068 -119.765682   0.39662020     1371    97102 1 3 10 10
37.645689 -119.722983   0.77392806     1662   104094 1 3 10 10
37.643333 -119.686250   0.01488413     1849   119591 0 3 10 10
37.619881 -119.719325   0.10423168     1285   111288 6 3 10 10
37.694465 -119.454710   0.18317189     2689   146949 7 3 10 10
37.698059 -119.433257   0.04486458     3156   153092 10 3 10 10
37.633463 -119.571957   0.11760159     2354   134483 6 3 10 10
37.646985 -119.523419   0.68122167     2385   137385 6 3 10 10
37.659468 -119.472417   1.13862177     2463   144428 6 3 10 10
37.677917 -119.436250   0.01710877     2918   153245 0 3 10 10
37.589516 -119.579616   0.59708380     2372   133400 6 3 10 10
37.593618 -119.542224   0.62673035     2583   137500 6 3 10 10
37.574688 -119.464097   0.29792715     2564   149810 7 3 10 10
37.517951 -119.576889   0.31334136     2040   135385 1 3 10 10
37.519544 -119.527234   0.73870331     2405   138718 1 3 10 10
37.533600 -119.470379   1.16288609     2423   145835 6 3 10 10
37.535000 -119.432514   0.02260154     2506   153453 1 3 10 10
37.490957 -119.592253   0.13423487     1860   137434 1 3 10 10
37.472172 -119.529498   0.43909066     2385   146723 1 3 10 10
37.491260 -119.491260   0.10216490     2598   148196 6 3 10 10
37.629123 -119.532632   0.07541742     2587   138782 6 16 10 10
37.635093 -119.455734   0.15628910     2634   150190 7 16 10 10
37.625833 -119.432083   0.00645131     2827   154463 0 16 10 10
37.597477 -119.520167   0.68266015     2697   138913 6 16 10 10
37.598384 -119.471540   1.03874954     2739   148829 7 16 10 10
37.588004 -119.430907   0.20231157     2637   154795 7 16 10 10
37.561250 -119.500833   0.00149006     2698   150619 0 16 10 10
37.561250 -119.470417   0.01117542     2595   149932 0 16 10 10
37.561250 -119.432083   0.00968536     2597   154942 0 16 10 10
37.565417 -119.589167   0.08691505     2291   133177 1 2 10 10
37.565417 -119.539167   0.08691505     2588   139920 6 2 10 10
37.548625 -119.585386   0.43717803     1975   131294 1 2 10 10
37.542680 -119.535172   0.70548358     2111   138155 1 2 10 10
37.565417 -119.418333   0.03476602     2710   155767 7 1 10 10
37.508136 -119.454477   0.08573748     2506   151808 6 1 10 10
37.531963 -119.421117   0.08270433     2623   154070 6 1 10 10
37.471013 -119.512820   0.14568472     2487   147541 1 1 10 10
37.471405 -119.479159   0.09794084     2555   154323 1 1 10 10
37.780877 -119.768226   0.18749000     2089   112202 1 3 10 10
37.789782 -119.744092   0.04359193     2042   112764 1 3 10 10
37.745374 -119.754282   0.02873723     1862   110304 0 3 10 10
37.736494 -119.739722   0.11000245     1886   108945 1 3 10 10
37.629980 -119.655691   0.20940197     2015   119067 1 3 10 10
37.625833 -119.621667   0.00397003     2294   129885 0 3 10 10
37.596697 -119.651461   1.00783370     1963   117501 1 3 10 10
37.593194 -119.619722   0.06702374     2019   128651 1 3 10 10
37.561250 -119.646667   0.03874145     1639   124650 0 3 10 10
37.537907 -119.598987   0.02186099     1934   131349 0 3 10 10
37.500833 -119.561250   0.00149126     2233   146970 0 3 10 10
37.473359 -119.576719   0.46596932     1962   140729 1 3 10 10
37.469673 -119.553379   0.22798198     2087   147008 1 3 10 10
37.776667 -119.750833   0.00321936     2141   119840 0 3 10 10
37.765983 -119.728357   0.31895617     2068   115404 1 3 10 10
37.750833 -119.674583   0.00743128     2363   116769 0 3 10 10
37.750833 -119.613333   0.01387172     2197   126010 0 3 10 10
37.739584 -119.710702   0.30873884     1945   111892 1 3 10 10
37.713479 -119.656407   0.83616414     2078   113189 1 3 10 10
37.711375 -119.592431   0.93405833     2205   123556 6 3 10 10
37.698444 -119.556307   0.09443007     1907   132869 7 3 10 10
37.675188 -119.692702   0.07687187     1987   110067 1 3 10 10
37.661337 -119.655480   1.15231001     2183   112505 1 3 10 10
37.658171 -119.596523   1.23884985     2221   125158 6 3 10 10
37.670573 -119.554641   0.11382061     2162   137854 6 3 10 10
37.591944 -119.629167   0.07448945     2247   126481 1 3 10 10
37.601538 -119.604744   0.64534135     2336   128651 1 3 10 10
37.750833 -119.582421   0.01833049     1496   127305 0 3 10 10
37.750833 -119.561250   0.00148626     1829   131258 0 3 10 10
37.717898 -119.710027   0.49812012     1472   108204 6 3 10 10
37.721595 -119.656845   0.43366313     1463   114765 6 3 10 10
37.733144 -119.597131   0.44003349     1353   122406 6 3 10 10
37.738333 -119.561250   0.02081110     1294   130702 0 3 10 10
37.897625 -119.591743   0.19384915     2689   145288 6 16 10 10
37.898879 -119.532812   0.36860181     2837   145403 7 16 10 10
37.843750 -119.656250   0.50251762     2581   124167 6 16 10 10
37.843750 -119.593750   1.17691863     2425   136001 6 16 10 10
37.843750 -119.531250   1.37845570     2783   141759 6 16 10 10
37.843750 -119.468750   1.18477873     2703   144233 7 16 10 10
37.841461 -119.407753   0.78921641     2981   150443 6 16 10 10
37.834625 -119.345311   0.13362466     3127   160992 10 16 10 10
37.786189 -119.709697   0.46656994     2259   116213 1 16 10 10
37.781413 -119.656152   1.38541189     2466   116861 6 16 10 10
37.781970 -119.593703   1.36064536     2251   126234 6 16 10 10
37.781282 -119.531218   1.39131953     2226   131357 6 16 10 10
37.781250 -119.468750   1.39279164     2621   139558 6 16 10 10
37.781250 -119.406250   1.39279164     2797   149800 10 16 10 10
37.781253 -119.346343   1.07799854     3130   156846 10 16 10 10
37.783153 -119.280425   0.05423990     3512   164909 10 16 10 10
37.746667 -119.651667   0.11890716     2345   117750 0 16 10 10
37.746667 -119.580833   0.01981786     1233   127969 0 16 10 10
37.719931 -119.528911   1.27881516     2060   131133 6 16 10 10
37.722423 -119.470874   1.21079233     2436   140101 6 16 10 10
37.719438 -119.405352   1.34915933     2706   148681 7 16 10 10
37.718750 -119.343750   1.39396850     2963   156568 10 16 10 10
37.721141 -119.294881   0.70297939     3339   164570 9 16 10 10
37.668333 -119.565417   0.03471793     2158   140184 6 16 10 10
37.669063 -119.536140   0.52473883     2262   138749 6 16 10 10
37.652679 -119.447378   0.10022152     2740   144914 0 16 10 10
37.661538 -119.411029   0.99357796     3071   153207 6 16 10 10
37.661336 -119.343843   0.89977861     2939   161896 10 16 10 10
37.655735 -119.292720   0.09446583     3211   167383 10 16 10 10
37.608264 -119.443368   0.05956490     2789   154795 6 16 10 10
37.595290 -119.411963   0.70500025     2824   155521 7 16 10 10
37.554421 -119.402824   0.07748989     2851   157403 6 16 10 10
37.781224 -119.323555   0.15846926     3345   162631 10 3 10 10
37.764935 -119.296021   0.12135203     3508   165101 9 3 10 10
37.712935 -119.267514   0.27359673     3458   168952 9 3 10 10
37.641888 -119.391888   0.37805875     3220   157751 10 3 10 10
37.640238 -119.343459   0.25998592     3134   166636 10 3 10 10
37.656737 -119.270395   0.06174680     3236   168633 10 3 10 10
37.596588 -119.385661   0.31618930     3035   161823 10 3 10 10
37.582380 -119.347067   0.01042179     3266   166150 6 3 10 10
37.527219 -119.392868   0.02781666     3003   158838 6 3 10 10
37.694583 -120.235735   0.04214257      268    31321 0 14 10 10
37.650020 -120.283679   0.20116563      277    18758 7 14 10 10
37.676423 -120.232406   0.13141261      262    29036 0 14 10 10
37.599848 -120.264268   0.32762558      262    13518 0 14 10 10
37.583397 -120.243782   0.06454809      265    16490 0 14 10 10
