41.507976 -121.883251   0.01030135     1861   156076 1 3 1 1
41.511944 -121.871667   0.00265329     1841   156191 1 3 1 1
41.507538 -121.778324   0.04072752     1723   264570 6 3 1 1
41.504866 -121.727312   0.01935366     1710   263490 6 3 1 1
41.535000 -121.500833   0.00156016     1800   259841 0 3 1 1
41.524099 -121.486650   0.03682578     1882   256515 6 3 1 1
41.454772 -122.149886   0.08712313     2206   158585 6 3 1 1
41.449012 -122.089669   0.07400024     1908   152497 6 3 1 1
41.450469 -122.028043   0.07106925     2012   146041 1 3 1 1
41.454330 -121.966506   0.10691634     1936   141033 1 3 1 1
41.463210 -121.902783   0.16747288     1702   141896 1 3 1 1
41.460317 -121.844338   0.15184635     1551   147243 6 3 1 1
41.468630 -121.781121   0.21868732     1577   152535 6 3 1 1
41.479510 -121.738023   0.03981794     1592   255296 6 3 1 1
41.492500 -121.472500   0.00698618     1780   254725 6 3 1 1
41.387691 -122.270226   0.05390673     2013   113668 6 3 1 1
41.375833 -122.242500   0.00140759     2322   115988 0 3 1 1
41.409592 -122.137867   0.07270157     2303   123498 6 3 1 1
41.410919 -122.098874   0.17081380     1906   123313 6 3 1 1
41.415245 -122.027171   0.12876758     1610   125220 6 3 1 1
41.415220 -121.968782   0.15338547     1529   134089 6 3 1 1
41.411011 -121.902095   0.17153146     1486   135987 6 3 1 1
41.406250 -121.843750   0.21983375     1593   141289 6 3 1 1
41.413693 -121.790306   0.12195865     1499   152765 6 3 1 1
41.432083 -121.746667   0.00406284     1450   254842 6 3 1 1
41.347338 -122.264132   0.09350117     1753   102237 6 3 1 1
41.338065 -122.220933   0.17599551     1943   102722 6 3 1 1
41.341877 -122.155233   0.19743454     1914   100383 6 3 1 1
41.355678 -122.114704   0.04708721     1782   103068 6 3 1 1
41.350038 -121.897613   0.13441164     1515   126102 1 3 1 1
41.348936 -121.843048   0.18186201     1642   128541 1 3 1 1
41.339560 -121.789573   0.15212195     1474   138077 6 3 1 1
41.318308 -121.728506   0.02684083     1432   238765 6 3 1 1
41.307755 -122.256478   0.00728045     1431    99565 6 3 1 1
41.295876 -122.216349   0.11021081     1537    96149 6 3 1 1
41.303441 -122.164638   0.05006879     1458    98600 6 3 1 1
41.311250 -121.815417   0.00082191     1428   137313 0 3 1 1
41.288404 -121.769286   0.10436252     1423   138687 6 3 1 1
41.289655 -121.725882   0.13444189     1467   229571 6 3 1 1
41.568005 -121.709327   0.02646241     2000   274783 6 1 1 1
41.569583 -121.682083   0.00553576     2037   259773 6 1 1 1
41.505833 -121.875833   0.00078043     1852   156377 0 1 1 1
41.513580 -121.838157   0.08075899     1779   156322 6 1 1 1
41.529392 -121.781162   0.12350068     1873   265487 6 1 1 1
41.537716 -121.722955   0.15078626     1840   257658 6 1 1 1
41.553481 -121.683175   0.00892868     1924   257226 6 1 1 1
41.548690 -121.504405   0.00545955     1888   262040 6 1 1 1
41.551667 -121.496667   0.00444509     1972   262155 0 1 1 1
41.487642 -121.842433   0.06776898     1680   151902 6 1 1 1
41.496667 -121.811250   0.00093665     1725   266822 0 1 1 1
41.654858 -120.332083   0.07319297     1807   390049 6 6 1 1
41.645227 -120.308788   0.00856487     2012   392094 6 6 1 1
41.607024 -120.379405   0.00545461     1519   380737 7 6 1 1
41.601839 -120.340801   0.08455127     1754   381887 6 6 1 1
41.586293 -120.307514   0.01130155     2098   392381 6 6 1 1
41.460595 -120.349881   0.02733525     1647   380392 6 6 1 1
41.409071 -120.321901   0.02712143     1877   380388 6 6 1 1
41.399426 -120.293883   0.08935033     2031   384229 6 6 1 1
41.319583 -120.875833   0.00133054     1623   283350 0 6 1 1
41.326427 -120.854285   0.05931787     1883   283481 6 6 1 1
41.335077 -120.320142   0.03267608     1894   384795 6 6 1 1
41.339974 -120.293534   0.11418363     2033   385747 6 6 1 1
41.321334 -120.240084   0.01862661     2253   428836 7 6 1 1
41.307083 -120.875833   0.00101767     1627   282139 0 6 1 1
41.282228 -120.842199   0.10838569     1790   278675 6 6 1 1
41.261984 -120.804371   0.02177654     1992   284321 6 6 1 1
41.297102 -120.324838   0.04662731     1835   395378 6 6 1 1
41.295907 -120.282252   0.11020145     1978   405748 6 6 1 1
41.304848 -120.236814   0.01503116     2222   426513 6 6 1 1
41.224123 -120.818800   0.03939460     1735   281579 6 6 1 1
41.215790 -120.787321   0.16950584     1932   283231 6 6 1 1
41.208397 -120.743782   0.01019180     1851   307803 6 6 1 1
41.186250 -120.815417   0.00082349     1673   284523 0 6 1 1
41.167518 -120.782919   0.09763775     1831   285248 6 6 1 1
40.943609 -121.078327   0.02357361     1695   219900 7 6 1 1
40.959867 -121.025853   0.14460291     1740   232362 7 6 1 1
40.960896 -120.988703   0.06200482     1672   238626 7 6 1 1
40.922500 -121.130000   0.00472454     1524   215624 7 6 1 1
40.926427 -121.092479   0.05869843     1708   216813 7 6 1 1
40.933029 -121.041655   0.02185672     1613   231043 6 6 1 1
40.936250 -120.988333   0.00330649     1615   238348 0 6 1 1
41.440417 -122.176667   0.00460912     2726   171470 0 16 1 1
41.393333 -122.250833   0.00289267     2455   115880 0 16 1 1
41.394227 -122.217040   0.11691922     3112   110290 10 16 1 1
41.404523 -122.165281   0.14670609     2848   112275 6 16 1 1
41.366464 -122.210029   0.04403636     2466   108545 6 16 1 1
41.369610 -122.173012   0.01853649     2496   108507 6 16 1 1
40.526253 -121.526186   0.01901398     2398   225740 1 16 1 1
40.514157 -121.478267   0.05371453     2120   223880 1 16 1 1
40.477336 -121.531722   0.00546867     2890   232281 6 16 1 1
40.482063 -121.484167   0.03380490     2441   227900 1 16 1 1
41.205243 -122.381012   0.02485605     1524    83558 6 3 1 1
41.207665 -122.346016   0.12292248     1448    83404 1 3 1 1
41.218333 -122.298750   0.02586829     1319    85065 6 3 1 1
41.181760 -122.380930   0.00807910     1037    81097 6 3 1 1
41.174362 -122.349483   0.07311345     1245    76028 6 3 1 1
41.131899 -122.319357   0.01153808      660    69870 1 3 1 1
41.145064 -122.279970   0.13693419      976    71692 1 3 1 1
41.140661 -122.223567   0.09848315     1215    71014 1 3 1 1
41.129781 -122.175912   0.01043705      947    70845 1 3 1 1
41.107891 -122.383910   0.01782426     1168    58762 1 3 1 1
41.090667 -122.339009   0.17361669      791    59040 6 3 1 1
41.093750 -122.281250   0.22088778     1069    66454 1 3 1 1
41.095527 -122.220897   0.20285651      939    62574 1 3 1 1
41.109106 -122.171170   0.06454441      992    66818 1 3 1 1
41.000833 -122.440417   0.00055054      825    46733 0 3 1 1
41.021838 -122.395050   0.10991503      587    46842 6 3 1 1
41.031250 -122.343750   0.22109779      775    52114 6 3 1 1
41.035955 -122.286726   0.16983146     1075    60433 1 3 1 1
41.056164 -122.227832   0.03277088     1012    60299 1 3 1 1
40.964568 -122.528336   0.06142311     1115    46662 1 3 1 1
40.959765 -122.478680   0.09726797      870    41801 6 3 1 1
40.979489 -122.397574   0.09756941      759    37363 1 3 1 1
40.982708 -122.348332   0.11368684      802    37603 1 3 1 1
40.995615 -122.304085   0.00841610      907    60439 1 3 1 1
40.906041 -122.531070   0.10669311      993    24722 1 3 1 1
40.900800 -122.468124   0.14705452      895    24683 6 3 1 1
40.901237 -122.430842   0.03252596      794    26867 6 3 1 1
40.856234 -122.526648   0.08335986     1043    21014 1 3 1 1
40.849096 -122.469486   0.07449351      729    13559 6 3 1 1
40.848776 -122.428338   0.01907740      690    12086 6 3 1 1
40.811250 -122.430833   0.00118312      427    11731 0 3 1 1
41.315417 -122.397500   0.00273953     1399   109181 6 3 1 1
41.276123 -122.505181   0.01625142     2187   121775 1 3 1 1
41.269576 -122.476126   0.04464577     1954   116170 6 3 1 1
41.276667 -122.398196   0.13759979     1335   105950 6 3 1 1
41.258148 -122.349213   0.04934301     1256    97376 5 3 1 1
41.256615 -122.299428   0.02021036     1083    90524 1 3 1 1
41.208148 -122.507315   0.01160354     1891   123677 1 3 1 1
41.208033 -122.470166   0.11846383     1818    91661 1 3 1 1
41.232968 -122.409719   0.10133607     1722    89553 1 3 1 1
41.237937 -122.344544   0.08229530     1524    88134 1 3 1 1
41.239013 -122.295829   0.04325778     1159    87578 1 3 1 1
41.166421 -122.457607   0.06967237     1761    88005 1 3 1 1
41.143869 -122.429415   0.03295458     1583    85682 1 3 1 1
41.113494 -122.413686   0.04082747     1643    67132 1 3 1 1
41.000833 -122.535000   0.00086514     1522    55732 0 3 1 1
40.967101 -122.538360   0.04119113     1318    49100 1 3 1 1
41.195664 -122.394414   0.01058623     1327    84545 0 9 1 1
41.204534 -122.321201   0.01525032     1131    82835 1 9 1 1
41.199732 -122.301010   0.02826749     1026    80828 6 9 1 1
41.150725 -122.399427   0.13394934     1226    70481 6 9 1 1
41.148577 -122.342736   0.13603172      932    69084 6 9 1 1
41.171115 -122.304545   0.03212015      832    72641 6 9 1 1
41.085179 -122.399594   0.12197924     1106    58500 1 9 1 1
41.105069 -122.361160   0.04727282      917    59765 6 9 1 1
41.020845 -122.512979   0.06431473     1267    52236 1 9 1 1
41.019542 -122.461790   0.10009137     1173    46641 6 9 1 1
41.040486 -122.417259   0.11082897      880    49127 6 9 1 1
40.990710 -122.510117   0.02344238     1098    51590 1 9 1 1
40.990917 -122.472727   0.05797614      821    44474 6 9 1 1
40.989167 -122.436250   0.00117994      589    44752 0 9 1 1
41.319850 -122.459471   0.03474235     2317   114952 6 6 1 1
41.324219 -122.420963   0.03095287     1781   111890 6 6 1 1
41.267500 -122.503775   0.00646298     2048   121813 6 6 1 1
41.284072 -122.466715   0.17393446     1956   113827 6 6 1 1
41.285028 -122.426514   0.06674740     1630   110772 6 6 1 1
41.230639 -122.508638   0.02633530     1976   122376 6 6 1 1
41.232260 -122.466430   0.09911208     1781    90489 6 6 1 1
41.208459 -122.411039   0.08369160     1748    85702 1 6 1 1
41.170551 -122.442702   0.00576571     1798    88821 0 6 1 1
41.176858 -122.414018   0.04569259     1607    83366 6 6 1 1
41.073620 -122.515149   0.03641370     1672    61315 1 6 1 1
41.084333 -122.462462   0.12944929     1740    61424 1 6 1 1
41.093425 -122.428770   0.04024027     1549    63214 1 6 1 1
41.047262 -122.515207   0.02864818     1427    54783 1 6 1 1
41.041114 -122.474661   0.12046784     1566    51951 6 6 1 1
41.061250 -122.436250   0.00035360     1376    65013 0 6 1 1
40.875833 -121.301667   0.00157596     1507   202640 0 3 1 1
40.846797 -121.321084   0.04608553     1592   189821 6 3 1 1
40.842436 -121.302046   0.06586073     1609   194503 6 3 1 1
40.811250 -121.315417   0.00082818     1636   196129 0 3 1 1
40.808528 -121.298122   0.00784930     1693   196615 7 3 1 1
40.690417 -121.690417   0.00165939     1649   190952 1 3 1 1
40.695493 -121.658657   0.04507315     1736   190188 1 3 1 1
40.710304 -121.581449   0.05964180     2077   186909 1 3 1 1
40.713136 -121.525420   0.12693708     1796   181768 1 3 1 1
40.697695 -121.472766   0.05987985     1660   186421 6 3 1 1
40.671012 -121.690417   0.00043463     1770   191716 1 3 1 1
40.656246 -121.655874   0.09996744     1874   191716 1 3 1 1
40.651916 -121.595611   0.17155574     1809   225008 1 3 1 1
40.660544 -121.527959   0.10878300     1780   193372 1 3 1 1
40.675867 -121.485527   0.02916991     1598   197383 6 3 1 1
40.629059 -121.390981   0.01225734     1517   201649 6 3 1 1
40.625833 -121.336250   0.00197737     1692   203452 0 3 1 1
40.629626 -121.294497   0.01146795     1686   217149 6 3 1 1
40.631875 -121.224479   0.01581058     1728   219054 6 3 1 1
40.635654 -121.161189   0.05361322     1739   227324 6 3 1 1
40.628656 -121.079798   0.00431050     1907   241135 0 3 1 1
40.630000 -121.057083   0.00379637     2103   247433 6 3 1 1
40.603292 -121.652323   0.00023730     1856   233128 1 3 1 1
40.593750 -121.593750   0.15357093     1771   222630 1 3 1 1
40.586592 -121.533310   0.16653470     1709   210540 1 3 1 1
40.585981 -121.466589   0.16227603     1689   206299 6 3 1 1
40.592933 -121.405896   0.21622245     1868   202969 1 3 1 1
40.587853 -121.341127   0.16717169     2098   203637 6 3 1 1
40.590344 -121.282278   0.18062655     1848   218507 6 3 1 1
40.598537 -121.218389   0.18607551     1902   220319 6 3 1 1
40.600851 -121.157544   0.13015484     1952   226707 6 3 1 1
40.608355 -121.107458   0.05071208     1792   241321 6 3 1 1
40.621667 -121.057083   0.00276850     2087   247587 0 3 1 1
40.531136 -121.593347   0.00154394     1989   226711 1 3 1 1
40.533973 -121.534009   0.06348706     1963   223317 1 3 1 1
40.536679 -121.465727   0.16906804     1956   216613 1 3 1 1
40.531250 -121.406250   0.22276844     2060   213014 6 3 1 1
40.529532 -121.348461   0.17721944     2036   216254 6 3 1 1
40.528610 -121.277093   0.18673961     2052   227254 6 3 1 1
40.538552 -121.237415   0.05087401     2196   229631 6 3 1 1
40.516281 -121.135257   0.00011876     2033   234259 1 3 1 1
40.468011 -121.453888   0.04272137     2209   227290 1 3 1 1
40.468750 -121.406250   0.03408989     2113   227945 1 3 1 1
40.469186 -121.344473   0.10690435     2077   235911 6 3 1 1
40.469174 -121.280471   0.11946358     2157   235642 6 3 1 1
40.465819 -121.223866   0.01985423     2302   237522 6 3 1 1
40.962226 -122.453624   0.07393870      567    38398 6 6 1 1
40.960003 -122.412869   0.12255638      512    33144 6 6 1 1
40.950104 -122.346023   0.07618655      621    33183 6 6 1 1
40.952324 -122.279281   0.02849228      668    38846 6 6 1 1
40.962070 -122.226001   0.06240507      524    39354 6 6 1 1
40.917012 -122.469987   0.07445904      624    25540 6 6 1 1
40.907113 -122.402017   0.18900425      471    24004 6 6 1 1
40.905807 -122.353609   0.11160050      462    25810 6 6 1 1
40.899654 -122.281243   0.09003648      574    29539 6 6 1 1
40.904184 -122.232934   0.11066325      493    29961 6 6 1 1
40.875833 -122.125833   0.00015760      479    46628 0 6 1 1
40.875833 -122.121667   0.00063038      525    46142 0 6 1 1
40.826667 -122.503958   0.00630865      640    20752 6 6 1 1
40.843010 -122.467167   0.13674481      567    12517 6 6 1 1
40.847872 -122.405228   0.15439684      459    12178 6 6 1 1
40.843990 -122.343850   0.20965724      436    14225 6 6 1 1
40.844443 -122.282210   0.14431029      472    20705 6 6 1 1
40.856294 -122.234641   0.05533042      459    25605 6 6 1 1
40.835831 -122.148327   0.10589040      487    33723 6 6 1 1
40.828143 -122.088658   0.04939763      490    43589 1 6 1 1
40.821706 -122.050432   0.02724351      447    48017 1 6 1 1
40.799008 -122.446806   0.03120405      691     8782 6 6 1 1
40.789375 -122.414620   0.10111548      467     5333 6 6 1 1
40.788748 -122.339053   0.14518198      460     7088 6 6 1 1
40.780046 -122.284173   0.08968136      449    14422 6 6 1 1
40.778312 -122.214490   0.10322064      397    21755 6 6 1 1
40.779887 -122.157560   0.19309511      430    29012 6 6 1 1
40.783431 -122.100805   0.14456153      460    36921 6 6 1 1
40.808531 -122.050857   0.01021617      541    48240 1 6 1 1
40.722951 -122.390453   0.04529321      405     1281 6 6 1 1
40.734836 -122.351931   0.03916383      471     5995 6 6 1 1
40.731996 -122.277158   0.03671752      507    18202 6 6 1 1
40.734060 -122.219890   0.06096228      379    22216 6 6 1 1
40.731557 -122.161157   0.06506809      425    29473 6 6 1 1
40.746667 -122.113333   0.00884256      453    37893 6 6 1 1
41.479079 -122.134825   0.02904458     1878   163209 6 2 1 1
41.470696 -122.097956   0.08957084     1843   155360 6 2 1 1
41.458934 -122.025203   0.01437002     1981   148457 1 2 1 1
41.389975 -122.075890   0.04902092     1670   123361 6 2 1 1
41.396653 -122.044583   0.07058924     1526   125035 6 2 1 1
41.397721 -121.776516   0.06488341     1437   247860 6 2 1 1
41.319583 -122.125833   0.00133064     1441   101608 0 2 1 1
41.340501 -122.088044   0.17295448     1492   101339 6 2 1 1
41.341732 -122.037200   0.17465643     1312   112462 6 2 1 1
41.364375 -121.769896   0.02502921     1413   247553 6 2 1 1
41.269488 -122.147088   0.10300990     1112    92250 6 2 1 1
41.281250 -122.093750   0.22025615     1123    92966 6 2 1 1
41.288672 -122.046781   0.09024179     1108   102888 6 2 1 1
41.228116 -122.143441   0.07704567      955    83663 6 2 1 1
41.223366 -122.096073   0.15873901      975    86210 6 2 1 1
41.242500 -122.061250   0.00211571     1005   100395 0 2 1 1
41.175632 -122.151980   0.03647455      877    78844 6 2 1 1
41.182865 -122.079271   0.00627465      918    90984 6 2 1 1
41.270938 -121.513333   0.02506422     1205   211766 6 6 1 1
41.267428 -121.489964   0.01801527     1227   211612 6 6 1 1
40.878958 -121.347500   0.00630281     1486   183579 7 6 1 1
40.823750 -121.422500   0.01064607     1312   180652 7 6 1 1
40.853069 -121.345976   0.06463480     1431   184752 6 6 1 1
40.777468 -121.398023   0.06668159     1465   181160 6 6 1 1
40.775570 -121.358070   0.02998592     1517   193087 7 6 1 1
40.731471 -121.408284   0.02685214     1337   187555 6 6 1 1
40.875833 -121.440417   0.00055158     1071   172033 0 6 1 1
40.879167 -121.405972   0.01771716     1244   172653 6 6 1 1
40.875833 -121.371667   0.00063038     1245   184420 0 6 1 1
40.843174 -121.449392   0.03019569     1090   172110 6 6 1 1
40.854761 -121.412111   0.10090399     1305   172758 7 6 1 1
40.871667 -121.371667   0.00252169     1246   184420 6 6 1 1
40.811250 -121.414167   0.00118312     1540   189603 0 6 1 1
40.702615 -121.197297   0.03274829     1703   222039 6 6 1 1
40.701938 -121.178748   0.02018454     1703   225164 6 6 1 1
40.667873 -121.199760   0.03244832     1710   221962 6 6 1 1
40.651362 -121.142991   0.06495502     1712   226736 6 6 1 1
40.657288 -121.113905   0.03138388     1721   238205 6 6 1 1
40.621667 -121.125833   0.00063280     1738   241730 0 6 1 1
40.621667 -121.121667   0.00253119     1732   241244 6 6 1 1
41.255672 -121.504866   0.00485737     1140   210424 6 3 1 1
41.255000 -121.488333   0.01316193     1147   210424 6 3 1 1
41.234771 -121.504457   0.01081614     1132   205606 6 3 1 1
41.237657 -121.490188   0.02993498     1136   205531 6 3 1 1
40.897500 -121.383056   0.03545000     1379   176241 6 3 1 1
40.894876 -121.344196   0.12540803     1341   177229 6 3 1 1
40.894980 -121.278087   0.09846781     1368   199300 7 3 1 1
40.897558 -121.222526   0.09358188     1392   199533 6 3 1 1
40.884292 -121.178313   0.01575722     1357   207801 6 3 1 1
40.820710 -121.451665   0.02756244     1070   174203 7 3 1 1
40.835468 -121.398911   0.10901067     1358   175443 7 3 1 1
40.841039 -121.359124   0.07654641     1398   184212 7 3 1 1
40.863359 -121.268372   0.05044466     1476   202780 6 3 1 1
40.865526 -121.244693   0.01197891     1480   208389 6 3 1 1
40.858375 -121.151625   0.03152769     1435   211834 6 3 1 1
40.841969 -121.098934   0.04453398     1511   222518 6 3 1 1
40.839167 -121.061250   0.00118262     1501   229369 0 3 1 1
40.751795 -121.514295   0.00410487     1415   179153 0 3 1 1
40.776618 -121.469399   0.02670977     1092   176648 7 3 1 1
40.787117 -121.405402   0.12463074     1382   178786 7 3 1 1
40.778134 -121.355684   0.09666412     1512   191153 7 3 1 1
40.758549 -121.262932   0.02131321     1739   205126 6 3 1 1
40.753611 -121.228981   0.00710327     1772   209562 6 3 1 1
40.742069 -121.521810   0.02747892     1606   180719 1 3 1 1
40.725232 -121.469094   0.15018265     1295   180719 6 3 1 1
40.719865 -121.402779   0.09584418     1443   187316 6 3 1 1
40.736129 -121.350497   0.07044202     1526   192378 6 3 1 1
40.724738 -121.272167   0.08292682     1714   204228 6 3 1 1
40.723279 -121.220786   0.12202538     1744   209523 6 3 1 1
40.722500 -121.186250   0.00118470     1726   226497 0 3 1 1
40.634441 -121.507244   0.01439400     1579   208706 6 3 1 1
40.653875 -121.468673   0.17538970     1455   196696 6 3 1 1
40.649908 -121.403804   0.08574746     1405   195337 6 3 1 1
40.655833 -121.315417   0.00276707     1659   218383 6 3 1 1
40.656717 -121.282923   0.11186897     1640   209265 6 3 1 1
40.686250 -121.235000   0.00237069     1685   217357 0 3 1 1
40.610933 -121.519176   0.02911451     1589   209732 6 3 1 1
40.614657 -121.474565   0.06028754     1495   206168 6 3 1 1
40.621667 -121.418333   0.00632797     1470   204372 6 3 1 1
41.518230 -121.651896   0.10158382     1767   249367 6 3 1 1
41.512914 -121.617109   0.02325373     1812   248226 6 3 1 1
41.489167 -121.690417   0.00273222     1568   248841 6 3 1 1
41.469234 -121.654838   0.20928584     1543   239624 6 3 1 1
41.464360 -121.597272   0.18111575     1551   235773 6 3 1 1
41.449845 -121.537729   0.07150587     1528   236157 6 3 1 1
41.440417 -121.351667   0.00460902     1362   284392 6 3 1 1
41.410037 -121.648259   0.15437895     1349   230884 6 3 1 1
41.406250 -121.593750   0.21983375     1333   227826 6 3 1 1
41.406674 -121.532113   0.21294113     1374   227880 6 3 1 1
41.406601 -121.464873   0.15675936     1372   232189 6 3 1 1
41.399916 -121.406732   0.16583640     1351   239797 6 3 1 1
41.403765 -121.345285   0.19837010     1347   274287 7 3 1 1
41.386994 -121.305372   0.01313177     1324   271103 7 3 1 1
41.366511 -121.629647   0.00922931     1274   228947 6 3 1 1
41.355883 -121.593013   0.13181368     1220   221811 6 3 1 1
41.364446 -121.540109   0.05827889     1259   223230 6 3 1 1
41.371667 -121.471806   0.01407685     1331   232003 6 3 1 1
41.371667 -121.413977   0.01720504     1338   239490 7 3 1 1
41.356997 -121.332158   0.08684678     1322   268512 7 3 1 1
41.353337 -121.299804   0.06742605     1309   267148 6 3 1 1
40.881284 -121.210751   0.02300174     1510   207024 6 3 1 1
40.878512 -121.184315   0.00220620     1469   210732 0 3 1 1
40.875833 -120.944583   0.00133956     1660   238680 0 3 1 1
40.878261 -120.910765   0.00811259     1705   241595 6 3 1 1
40.824779 -121.332891   0.03193685     1564   190383 7 3 1 1
40.835184 -121.274418   0.10541789     1571   209984 6 3 1 1
40.842506 -121.217268   0.20974841     1607   208772 6 3 1 1
40.836084 -121.161039   0.15565715     1687   211489 6 3 1 1
40.823750 -121.093750   0.07984555     1641   224755 6 3 1 1
40.825261 -121.029457   0.08850884     1607   230127 6 3 1 1
40.835250 -120.965711   0.15063609     1670   233584 6 3 1 1
40.842944 -120.909189   0.19857689     1836   240885 6 3 1 1
40.785978 -121.327240   0.09445883     1638   193307 6 3 1 1
40.782648 -121.282587   0.19277466     1690   197171 6 3 1 1
40.782164 -121.218412   0.21484203     1861   208667 6 3 1 1
40.781250 -121.156250   0.22193523     1892   218769 6 3 1 1
40.781468 -121.093634   0.22036552     1774   227848 6 3 1 1
40.781250 -121.031250   0.22193523     1768   233380 6 3 1 1
40.781872 -120.969307   0.21633492     1828   236650 6 3 1 1
40.794715 -120.918868   0.07435748     1925   244577 6 3 1 1
40.702917 -121.384167   0.03215434     1571   194807 6 3 1 1
40.710678 -121.340616   0.15170723     1566   195995 6 3 1 1
40.715183 -121.286661   0.13919905     1690   201326 6 3 1 1
40.718387 -121.225487   0.06737039     1732   208628 6 3 1 1
40.720418 -121.153812   0.20078546     1791   225864 6 3 1 1
40.726246 -121.108243   0.05302228     1912   233066 6 3 1 1
40.746667 -121.031250   0.02345817     2025   240030 6 3 1 1
40.745117 -120.978450   0.01693785     1990   245984 6 3 1 1
40.669950 -121.383226   0.03502157     1619   196881 6 3 1 1
40.657141 -121.343714   0.21286961     1663   199597 6 3 1 1
40.659614 -121.277753   0.09665975     1653   207561 6 3 1 1
40.658629 -121.225048   0.15035798     1710   215005 6 3 1 1
40.672760 -121.160477   0.09667373     1800   226644 6 3 1 1
40.649709 -121.101982   0.09483736     1783   238946 6 3 1 1
40.621667 -121.344722   0.00949195     1775   204925 6 3 1 1
40.621667 -121.264167   0.00316398     1690   219556 6 3 1 1
40.618782 -121.085000   0.01961925     1801   243043 6 3 1 1
40.638241 -121.528056   0.03558545     1716   209895 6 3 1 1
40.636543 -121.197207   0.02135162     1829   222355 6 3 1 1
40.631667 -121.182639   0.00711776     1847   225148 6 3 1 1
40.569957 -121.223996   0.03079541     2141   227817 6 3 1 1
40.593568 -121.175491   0.03082174     1966   227024 6 3 1 1
40.539167 -121.330833   0.02771903     1956   230910 6 3 1 1
40.552619 -121.226071   0.00451313     2193   229760 0 3 1 1
41.690417 -120.330833   0.00797627     1805   396050 6 3 1 1
41.668536 -120.329199   0.02895934     1853   390567 6 3 1 1
41.625833 -120.307083   0.00101268     1895   391963 0 3 1 1
41.596789 -120.396828   0.10053866     1477   375861 8 3 1 1
41.583894 -120.343513   0.11360243     1702   381964 6 3 1 1
41.596535 -120.301863   0.05007206     1970   391299 6 3 1 1
41.504932 -122.134850   0.00717992     2164   165609 1 3 1 1
41.500833 -122.100833   0.00066342     2164   163356 0 3 1 1
41.542440 -120.397956   0.06551769     1508   371064 8 3 1 1
41.535885 -120.341162   0.17611152     1756   377822 6 3 1 1
41.534754 -120.304572   0.04457556     1974   391222 6 3 1 1
41.495901 -122.133316   0.00764960     1924   163170 0 3 1 1
41.492500 -122.100833   0.03797066     1966   158425 6 3 1 1
41.479766 -120.332128   0.08768301     1852   381165 6 3 1 1
41.477375 -120.291281   0.08017810     1957   387444 6 3 1 1
41.391087 -120.329329   0.04104340     1832   380312 6 3 1 1
41.397500 -120.307083   0.00508129     1954   384190 0 3 1 1
41.353056 -120.375833   0.00234681     1630   390032 0 3 1 1
41.346352 -120.344138   0.15647372     1769   382504 6 3 1 1
41.297500 -120.875833   0.00078294     1521   281036 6 3 1 1
41.283877 -120.846504   0.04502975     1813   281215 6 3 1 1
41.264167 -120.811250   0.00117501     2023   284814 0 3 1 1
41.311250 -120.351667   0.00234832     1769   393252 0 3 1 1
41.264250 -120.261933   0.03775708     1997   417626 6 3 1 1
41.254647 -120.241511   0.00924428     2112   421493 6 3 1 1
41.197173 -120.718007   0.03916394     1892   305959 6 3 1 1
41.190417 -120.656178   0.00631299     1852   400412 6 3 1 1
41.209474 -120.263835   0.06899840     2008   417786 6 3 1 1
41.219104 -120.230008   0.12266668     2040   420537 6 3 1 1
41.166039 -120.700569   0.06964118     1896   302773 6 3 1 1
41.163968 -120.670147   0.06373529     1880   306746 6 3 1 1
41.154451 -120.583569   0.11550151     1913   321544 6 3 1 1
41.142100 -120.553944   0.03437133     1941   395594 6 3 1 1
41.138933 -120.318448   0.02017174     1910   415866 6 3 1 1
41.154561 -120.275065   0.15936670     2012   417856 6 3 1 1
41.169328 -120.244907   0.02172795     2161   425085 6 3 1 1
41.121667 -120.690417   0.00219813     1753   309030 0 3 1 1
41.115103 -120.672780   0.02292589     1909   308104 6 3 1 1
41.104872 -120.578441   0.07652697     1907   318690 7 3 1 1
41.096868 -120.535245   0.06840111     1927   405487 7 3 1 1
41.121667 -120.319583   0.00533831     1961   418157 6 3 1 1
41.121667 -120.279079   0.01350278     2098   425002 1 3 1 1
41.597500 -121.565417   0.00272764     2137   261664 6 16 1 1
41.599927 -121.538192   0.03569015     2181   262313 6 16 1 1
41.575444 -120.286419   0.03547076     2100   392618 6 16 1 1
41.508744 -121.571000   0.01537400     1760   243967 6 16 1 1
41.512250 -121.533003   0.08309709     1757   243983 6 16 1 1
41.505000 -121.496667   0.00374612     1606   256416 6 16 1 1
41.557514 -120.292040   0.01130772     1862   392541 6 16 1 1
41.488000 -121.575667   0.03224209     1656   239870 6 16 1 1
41.480688 -121.530453   0.13468282     1590   240001 6 16 1 1
41.481190 -121.493690   0.01967315     1507   251948 6 16 1 1
41.324421 -121.585344   0.06296039     1187   219271 6 16 1 1
41.329976 -121.552347   0.03721129     1183   218993 6 16 1 1
41.282700 -121.584666   0.15487181     1171   209108 6 16 1 1
41.274845 -121.543426   0.11843878     1160   209431 6 16 1 1
41.228828 -121.579369   0.08723954     1139   204896 6 16 1 1
41.219164 -121.533711   0.19808622     1123   198702 6 16 1 1
41.172500 -121.567702   0.01215941     1087   201575 6 16 1 1
41.173427 -121.540807   0.06942712     1075   195123 6 16 1 1
41.000833 -121.389167   0.00235947     1032   171329 0 16 1 1
40.964167 -121.505833   0.00393463     1025   153088 7 16 1 1
40.946217 -121.475768   0.02007089     1068   156558 7 16 1 1
40.970716 -121.391340   0.10796234     1088   167379 6 16 1 1
40.963640 -121.362889   0.07380652     1134   175046 6 16 1 1
40.897387 -121.515911   0.08838771     1022   154948 6 16 1 1
40.903345 -121.472626   0.18610420     1104   156600 6 16 1 1
40.910821 -121.403591   0.00535539     1129   172221 0 16 1 1
40.930218 -121.367452   0.01354240     1096   176567 6 16 1 1
40.859919 -121.519280   0.07157445     1020   161343 6 16 1 1
40.849346 -121.474084   0.15466566     1104   164865 6 16 1 1
40.847500 -121.436250   0.00118247     1110   175027 0 16 1 1
40.750833 -121.577917   0.00292102     1849   180016 0 16 1 1
40.773926 -121.519885   0.00655028     1331   171710 0 16 1 1
40.782031 -121.468060   0.19112156     1071   171787 6 16 1 1
40.763769 -121.428162   0.02943506     1149   179316 6 16 1 1
40.699646 -121.629758   0.01359003     2139   189076 1 16 1 1
40.717550 -121.594330   0.12916954     2112   180239 1 16 1 1
40.719807 -121.546007   0.06772754     1886   180470 1 16 1 1
40.742500 -121.444583   0.01208032     1146   184909 7 16 1 1
40.719649 -121.420931   0.06729185     1243   185890 6 16 1 1
40.684315 -121.628512   0.00221276     2175   196871 0 16 1 1
40.670887 -121.587466   0.05079212     2037   198443 1 16 1 1
40.663912 -121.544096   0.06359155     1892   193727 1 16 1 1
40.647500 -121.441991   0.01779344     1410   199457 0 16 1 1
40.660695 -121.419718   0.08932782     1361   194628 6 16 1 1
40.629167 -121.365000   0.00474544     1632   202851 6 16 1 1
40.625833 -121.280833   0.00237284     1679   217990 0 16 1 1
40.619461 -121.531569   0.02689896     1665   209955 6 16 1 1
40.609454 -121.353103   0.04588475     1908   204238 6 16 1 1
40.607338 -121.277857   0.03876682     1763   218306 6 16 1 1
40.540044 -121.317281   0.01504862     1935   229846 6 16 1 1
40.550053 -121.302073   0.03088046     1895   227446 6 16 1 1
41.632696 -120.301912   0.01324099     2094   392318 6 6 1 1
41.615185 -120.291019   0.01402455     2089   393129 6 6 1 1
41.440417 -120.239167   0.00191397     2196   397497 6 6 1 1
41.395293 -120.262735   0.05878708     2232   388712 6 6 1 1
41.406873 -120.239299   0.06506906     2354   391946 7 6 1 1
41.355476 -120.261697   0.05617122     2281   388997 6 6 1 1
41.342702 -120.230641   0.09912544     2463   393464 6 6 1 1
41.285000 -120.250833   0.00470268     2055   423506 0 6 1 1
41.278089 -120.222925   0.14495839     2318   423691 6 6 1 1
41.257229 -120.184990   0.00274174     2574   429370 0 6 1 1
41.238719 -120.205302   0.04490564     2176   424365 6 6 1 1
41.244988 -120.183016   0.00419200     2527   428369 6 6 1 1
41.125833 -122.134167   0.00172699     1117    75511 0 6 1 1
41.129274 -122.091506   0.01710407     1053    77834 1 6 1 1
41.073750 -122.194583   0.01802993      711    61865 1 6 1 1
41.087409 -122.150089   0.15634350      957    62737 1 6 1 1
41.093469 -122.094035   0.21868314     1093    70630 1 6 1 1
41.092808 -122.043053   0.11603596     1145    76745 1 6 1 1
41.074004 -121.967019   0.06190831      906    92562 1 6 1 1
41.076667 -121.936250   0.00235675      728    96186 0 6 1 1
41.015660 -122.263103   0.05126703     1366    56397 1 6 1 1
41.026913 -122.217169   0.18832765      834    52130 1 6 1 1
41.031250 -122.156250   0.22109779      918    51907 1 6 1 1
41.031250 -122.093750   0.22109779     1131    59883 1 6 1 1
41.025711 -122.030097   0.16410591      908    67071 1 6 1 1
41.037449 -121.983359   0.10375104      818    84237 1 6 1 1
40.963445 -122.321669   0.03143835      933    36947 1 6 1 1
40.970061 -122.280512   0.18440151      994    38753 6 6 1 1
40.971373 -122.215903   0.15891747      791    40603 6 6 1 1
40.968750 -122.156250   0.22130755      813    41383 1 6 1 1
40.968750 -122.093750   0.22130755      785    56541 1 6 1 1
40.971043 -122.037224   0.17511163      826    61009 1 6 1 1
40.996667 -121.992500   0.00566308      779    83589 6 6 1 1
40.906700 -122.333739   0.10991241      774    28507 6 6 1 1
40.910766 -122.281255   0.13148489      799    30811 6 6 1 1
40.909200 -122.205404   0.11401719      736    31303 1 6 1 1
40.906272 -122.156272   0.22135953      754    36270 1 6 1 1
40.906337 -122.093670   0.22089119      644    46628 1 6 1 1
40.909454 -122.044281   0.12423222      752    56565 1 6 1 1
40.861228 -122.330417   0.01497489      650    20351 6 6 1 1
40.852792 -122.290562   0.03168767      573    24186 6 6 1 1
40.838461 -122.212304   0.16008814      786    25413 6 6 1 1
40.851855 -122.163678   0.11307967      751    32295 1 6 1 1
40.848223 -122.095209   0.17232963      636    40134 1 6 1 1
40.848839 -122.039337   0.11958602      567    50401 6 6 1 1
40.797122 -122.261975   0.03534324      743    19596 6 6 1 1
40.802819 -122.227352   0.05384849      743    22941 6 6 1 1
40.799189 -122.135211   0.01834155      620    31978 6 6 1 1
40.808016 -122.119988   0.00528496      621    45678 6 6 1 1
41.736389 -120.719722   0.00987618     1614   388862 7 6 1 1
41.690417 -120.347500   0.00241242     1594   395086 0 6 1 1
41.681540 -120.351123   0.00895043     1598   393890 6 6 1 1
41.575010 -121.015354   0.02728602     1526   310791 7 6 1 1
41.582760 -120.975275   0.08531481     1559   312842 7 6 1 1
41.500833 -121.121667   0.00027317     1459   307803 0 6 1 1
41.557083 -121.026667   0.00818806     1512   309270 7 6 1 1
41.548922 -120.973075   0.05654736     1552   309995 7 6 1 1
41.440417 -121.190417   0.00046874     1408   283848 7 6 1 1
41.445992 -121.160723   0.02983464     1460   283809 6 6 1 1
41.457937 -121.093664   0.12105747     1505   297762 6 6 1 1
41.459307 -121.029116   0.11561937     1450   291937 7 6 1 1
41.470212 -120.973709   0.07964839     1542   294998 7 6 1 1
41.375833 -121.385000   0.00156399     1343   244900 0 6 1 1
41.422500 -121.315417   0.00273503     1344   279100 7 6 1 1
41.399965 -121.280348   0.14751537     1348   270835 7 6 1 1
41.400555 -121.218425   0.17278698     1381   268371 7 6 1 1
41.405989 -121.156551   0.21540939     1472   268857 6 6 1 1
41.416712 -121.097175   0.11562429     1627   272750 6 6 1 1
41.417148 -121.025044   0.11914790     1413   283899 6 6 1 1
41.401667 -120.994167   0.02344810     1437   288805 6 6 1 1
41.366750 -121.384083   0.01564228     1341   244977 6 6 1 1
41.340712 -121.345043   0.07624620     1327   268396 6 6 1 1
41.348262 -121.264378   0.05950756     1313   261990 6 6 1 1
41.344473 -121.218761   0.21457701     1339   259321 6 6 1 1
41.348257 -121.164290   0.12224372     1370   263310 6 6 1 1
41.340262 -121.094321   0.13105577     1467   262444 6 6 1 1
41.339125 -121.031387   0.14686310     1525   268893 6 6 1 1
41.330333 -120.970408   0.11169481     1576   285158 6 6 1 1
41.327743 -120.928084   0.02821106     1530   283580 6 6 1 1
41.308739 -121.319887   0.00591053     1324   268304 6 6 1 1
41.283836 -121.281321   0.16660108     1322   256826 6 6 1 1
41.283852 -121.233631   0.07654620     1306   253749 6 6 1 1
41.309609 -121.175391   0.00387482     1328   263749 0 6 1 1
41.295360 -121.087823   0.07477746     1451   258139 6 6 1 1
41.282450 -121.028342   0.17973539     1638   257520 6 6 1 1
41.286851 -120.974768   0.15547836     1594   273616 6 6 1 1
41.293865 -120.920346   0.06612181     1527   276447 6 6 1 1
41.254405 -120.832024   0.00548403     1751   280442 6 6 1 1
41.267950 -120.282860   0.02898135     1767   415936 6 6 1 1
41.246667 -121.235000   0.00626838     1343   253656 6 6 1 1
41.244273 -121.010674   0.01473203     1590   258811 6 6 1 1
41.241644 -120.985308   0.02288189     1521   262144 7 6 1 1
41.208233 -120.894627   0.06052741     1382   269404 7 6 1 1
41.209192 -120.845661   0.10333190     1513   275197 6 6 1 1
41.198284 -120.755274   0.01191836     1837   307842 6 6 1 1
41.195819 -120.743489   0.00925309     1775   306877 6 6 1 1
41.194583 -120.335735   0.01999639     1684   408922 6 6 1 1
41.217670 -120.281856   0.08622809     1737   413751 6 6 1 1
41.125833 -121.000833   0.00015700     1300   260153 0 6 1 1
41.125833 -120.992500   0.00141299     1305   260376 0 6 1 1
41.186250 -120.880000   0.00141169     1384   273632 0 6 1 1
41.157067 -120.838742   0.14077108     1579   275051 6 6 1 1
41.147307 -120.779926   0.12303601     1653   286590 6 6 1 1
41.156250 -120.746667   0.02353078     1698   296264 6 6 1 1
41.162769 -120.325897   0.05883445     1790   410772 6 6 1 1
41.162724 -120.299101   0.05687979     1874   416035 6 6 1 1
41.090352 -121.010097   0.05067020     1471   237294 7 6 1 1
41.089543 -120.970551   0.18727042     1523   243091 6 6 1 1
41.082475 -120.909799   0.13528624     1472   272651 7 6 1 1
41.089574 -120.838632   0.17361741     1620   281106 6 6 1 1
41.093750 -120.781250   0.22088778     1629   287018 6 6 1 1
41.080094 -120.728100   0.09184805     1560   296187 7 6 1 1
41.069583 -120.686250   0.00200345     1545   305889 0 6 1 1
41.005000 -121.125833   0.00094373     1571   217979 0 6 1 1
41.016922 -121.085077   0.09631548     1499   218203 6 6 1 1
41.027139 -121.034155   0.15863982     1567   232651 6 6 1 1
41.031985 -120.969628   0.21425579     1658   244455 6 6 1 1
41.043209 -120.911190   0.10827876     1650   251978 6 6 1 1
41.032104 -120.842419   0.21104436     1638   283072 6 6 1 1
41.031250 -120.781250   0.22109779     1789   290981 6 6 1 1
41.033625 -120.721234   0.19892213     1708   302550 6 6 1 1
41.045577 -120.679295   0.02471628     1571   310155 7 6 1 1
40.984167 -121.125833   0.00298941     1590   217545 0 6 1 1
40.975569 -121.092213   0.16878176     1692   217769 6 6 1 1
40.985491 -121.041421   0.07670733     1695   235261 6 6 1 1
40.991654 -120.973954   0.04185240     1682   244449 7 6 1 1
40.989801 -120.837932   0.05806118     1716   291247 6 6 1 1
40.983665 -120.786201   0.10070814     1742   294503 6 6 1 1
40.990539 -120.720102   0.03477077     1872   303151 6 6 1 1
40.914167 -121.125833   0.00078752     1538   216704 0 6 1 1
40.912989 -121.087473   0.03622992     1600   216890 6 6 1 1
40.927279 -121.031409   0.02677040     1567   226557 7 6 1 1
40.930833 -120.992500   0.00708591     1570   237345 7 6 1 1
41.750833 -120.677917   0.00132168     1534   389373 0 6 1 1
41.695127 -120.769350   0.03104240     1538   351636 8 6 1 1
41.707339 -120.712142   0.11806076     1542   352879 7 6 1 1
41.722579 -120.668819   0.07933105     1528   379738 8 6 1 1
41.715313 -120.593464   0.18809100     1545   380542 8 6 1 1
41.706400 -120.537370   0.10839852     1551   379168 8 6 1 1
41.697500 -120.492500   0.00536889     1533   395734 8 6 1 1
41.660671 -120.776942   0.17862093     1511   343612 8 6 1 1
41.656250 -120.718750   0.21898582     1533   348814 9 6 1 1
41.652372 -120.677475   0.06309933     1515   370873 9 6 1 1
41.670346 -120.579479   0.06341769     1525   367721 9 6 1 1
41.658132 -120.529039   0.19383543     1526   368671 8 6 1 1
41.656841 -120.495213   0.02008812     1528   370821 8 6 1 1
41.565417 -120.940417   0.00113058     1537   328488 7 6 1 1
41.576724 -120.832869   0.05975058     1504   333523 7 6 1 1
41.588056 -120.774471   0.15436738     1513   332952 8 6 1 1
41.597407 -120.720477   0.18489777     1545   336752 9 6 1 1
41.582773 -120.660392   0.10752937     1511   363455 9 6 1 1
41.593929 -120.597026   0.16330879     1503   356652 10 6 1 1
41.594011 -120.528204   0.19232048     1500   356613 8 6 1 1
41.585458 -120.471806   0.13990310     1504   361727 8 6 1 1
41.593333 -120.436250   0.00233798     1493   374202 0 6 1 1
41.511421 -121.091145   0.06257803     1469   303646 7 6 1 1
41.520384 -121.027104   0.12249040     1496   301418 7 6 1 1
41.523011 -120.957806   0.10029413     1526   302405 7 6 1 1
41.526558 -120.912198   0.06622899     1524   316840 8 6 1 1
41.530805 -120.841694   0.18029419     1493   315019 7 6 1 1
41.534291 -120.780206   0.19094350     1467   324643 8 6 1 1
41.532577 -120.720318   0.18140757     1523   326602 8 6 1 1
41.533713 -120.656380   0.19991097     1525   336213 8 6 1 1
41.543139 -120.599742   0.11757711     1529   346915 7 6 1 1
41.559990 -120.529234   0.00838295     1466   355140 0 6 1 1
41.552317 -120.477566   0.04500406     1456   360263 8 6 1 1
41.505833 -120.315417   0.00273151     1901   393183 6 6 1 1
41.505064 -120.297276   0.01521883     2085   393947 6 6 1 1
41.486944 -121.088681   0.07869545     1465   298894 6 6 1 1
41.479246 -121.033622   0.10400644     1477   291412 7 6 1 1
41.467918 -120.965928   0.13998278     1496   291643 7 6 1 1
41.457261 -120.916873   0.05485891     1415   305169 10 6 1 1
41.491688 -120.833813   0.04005001     1459   312913 7 6 1 1
41.495688 -120.780091   0.00897626     1417   323771 10 6 1 1
41.496667 -120.742500   0.00561991     1506   326771 8 6 1 1
41.447198 -120.338536   0.04100839     1647   381826 6 6 1 1
41.455813 -120.280599   0.10129301     1886   387668 6 6 1 1
41.444583 -120.246667   0.00531185     2131   395739 0 6 1 1
41.387013 -121.092818   0.07325340     1440   272743 6 6 1 1
41.388681 -121.028439   0.03932623     1455   279249 6 6 1 1
41.405765 -120.967228   0.18427205     1418   286347 7 6 1 1
41.398347 -120.912932   0.06390609     1379   297279 6 6 1 1
41.375833 -120.830833   0.00078200     1626   312918 0 6 1 1
41.406920 -120.390374   0.07598351     1573   370316 7 6 1 1
41.399172 -120.361539   0.06862833     1663   375348 6 6 1 1
41.425721 -120.271517   0.05220711     2016   389991 6 6 1 1
41.412853 -120.246667   0.00406407     2261   396810 0 6 1 1
41.343796 -121.156759   0.03520508     1364   266579 7 6 1 1
41.350103 -121.090138   0.08116732     1407   262914 6 6 1 1
41.340998 -121.043039   0.03641907     1511   267960 6 6 1 1
41.357382 -120.966160   0.10521989     1455   284541 6 6 1 1
41.335662 -120.903596   0.11948694     1561   283034 6 6 1 1
41.354146 -120.850257   0.06336186     1769   288540 6 6 1 1
41.333090 -120.382662   0.02817068     1647   388079 7 6 1 1
41.338867 -120.366185   0.02777667     1696   390179 6 6 1 1
41.293654 -121.168013   0.05089498     1347   257597 7 6 1 1
41.311250 -121.086250   0.00669271     1414   262744 0 6 1 1
41.308232 -121.032756   0.01405455     1547   267921 6 6 1 1
41.269189 -120.954793   0.05913864     1431   274779 6 6 1 1
41.280656 -120.898003   0.12193358     1429   274031 6 6 1 1
41.263961 -120.864304   0.03430558     1532   276383 6 6 1 1
41.275615 -120.390000   0.08224096     1618   388118 7 6 1 1
41.277704 -120.350313   0.16249577     1741   392195 6 6 1 1
41.268333 -120.311250   0.00234986     1630   415581 0 6 1 1
41.226047 -120.879038   0.00611374     1333   274140 6 6 1 1
41.231294 -120.854537   0.06912595     1438   275137 6 6 1 1
41.223670 -120.402316   0.16344392     1496   396941 8 6 1 1
41.218620 -120.355283   0.13050722     1651   404873 10 6 1 1
41.166037 -120.385975   0.05531770     1521   404981 7 6 1 1
41.156168 -120.355223   0.13927017     1654   406567 6 6 1 1
41.121667 -120.375833   0.00062804     1666   414623 0 6 1 1
41.117942 -120.357511   0.02371062     1708   414166 6 6 1 1
41.008209 -120.941231   0.00684165     1760   253589 0 6 1 1
41.019771 -120.901508   0.11281781     1626   255135 7 6 1 1
41.013333 -120.871667   0.01006515     1685   287629 7 6 1 1
40.972518 -120.958391   0.08049318     1697   241109 10 6 1 1
40.989490 -120.917193   0.05074606     1743   254052 6 6 1 1
40.996667 -120.871667   0.00251692     1839   256228 0 6 1 1
41.750833 -120.646667   0.00167153     1535   388970 0 6 1 1
41.750833 -120.621667   0.00031099     1544   390143 0 6 1 1
41.716556 -120.649048   0.13756342     1520   378721 9 6 1 1
41.738333 -120.621667   0.00855371     1538   387382 7 6 1 1
41.659552 -120.647001   0.14576458     1504   369635 9 6 1 1
41.650764 -120.600807   0.15011955     1513   366888 9 6 1 1
41.565417 -121.009167   0.00600379     1526   311044 7 6 1 1
41.565417 -120.996667   0.00218320     1532   311948 0 6 1 1
41.572721 -120.711080   0.03157421     1537   335812 9 6 1 1
41.621667 -120.630000   0.00373939     1493   368894 0 6 1 1
41.620117 -120.596219   0.01885466     1503   364782 9 6 1 1
41.549333 -121.008029   0.02285616     1517   306100 7 6 1 1
41.526554 -120.985031   0.05866133     1520   306285 7 6 1 1
41.554947 -120.716303   0.01520770     1525   333335 8 6 1 1
41.635735 -120.819583   0.00479015     1503   347022 10 11 1 1
41.630833 -120.811250   0.00116839     1500   346744 0 11 1 1
41.565417 -120.947500   0.00272900     1543   328450 0 11 1 1
41.579526 -120.578039   0.03702846     1485   357569 10 11 1 1
41.589167 -120.557083   0.01519882     1496   364088 7 11 1 1
41.557458 -120.942542   0.00389905     1541   327284 0 11 1 1
41.552210 -120.931540   0.00842265     1547   327715 7 11 1 1
41.561250 -120.585000   0.00233929     1449   357083 0 11 1 1
41.397500 -121.065417   0.00273608     1554   277125 0 11 1 1
41.383322 -121.039865   0.02775682     1391   279435 6 11 1 1
41.315417 -121.218333   0.00547906     1300   259360 6 11 1 1
41.364947 -121.019025   0.03676145     1327   279419 6 11 1 1
41.364167 -120.996667   0.00312855     1351   284410 0 11 1 1
41.279196 -121.212631   0.12099846     1288   250988 7 11 1 1
41.255833 -121.186250   0.00117516     1282   252515 0 11 1 1
41.254628 -120.320588   0.00877428     1605   411801 6 11 1 1
41.263836 -120.299913   0.03509323     1616   413089 6 11 1 1
41.246667 -121.214167   0.00940258     1286   250301 7 11 1 1
41.225898 -120.324525   0.06996476     1559   408816 11 11 1 1
41.229981 -120.298858   0.06523773     1579   412359 6 11 1 1
41.186250 -120.315417   0.00082349     1701   415920 0 11 1 1
41.186250 -120.311250   0.00035292     1631   415997 0 11 1 1
41.518333 -121.500833   0.00156072     1696   257835 0 3 1 1
41.511833 -121.492611   0.01170520     1706   256253 0 3 1 1
41.449646 -121.504758   0.01343585     1451   247036 6 3 1 1
41.465766 -121.485808   0.06001096     1494   246135 6 3 1 1
41.393116 -121.504527   0.00687988     1356   230738 6 3 1 1
41.395509 -121.487056   0.04061346     1354   232412 6 3 1 1
41.690417 -120.315417   0.00140076     2110   399137 0 6 1 1
41.690417 -120.311250   0.00019456     2193   400201 0 6 1 1
41.673750 -120.315417   0.00899116     2028   399323 6 6 1 1
41.669408 -120.306908   0.01829370     2134   400048 6 6 1 1
41.339170 -120.275125   0.04968527     2152   388355 6 6 1 1
41.311250 -120.272500   0.00117416     2133   425178 0 6 1 1
41.702803 -120.766742   0.00708040     1555   352604 7 6 1 1
41.724054 -120.724845   0.04196153     1586   355880 7 6 1 1
41.625833 -120.815417   0.00050634     1510   347514 0 6 1 1
41.629593 -120.800943   0.01035910     1502   343596 9 6 1 1
41.648576 -120.381910   0.01495264     1507   385566 6 6 1 1
41.642913 -120.356240   0.07849626     1705   385351 6 6 1 1
41.602201 -120.818060   0.01757550     1517   336447 8 6 1 1
41.606084 -120.800135   0.05392022     1517   336409 9 6 1 1
41.621667 -120.375833   0.00062323     1524   385451 0 6 1 1
41.620117 -120.355172   0.01885587     1620   384201 6 6 1 1
41.508251 -120.382518   0.01420356     1525   375409 7 6 1 1
41.507920 -120.355249   0.03652242     1754   377563 7 6 1 1
41.483326 -120.379825   0.01858298     1515   376905 7 6 1 1
41.485046 -120.364212   0.03996988     1689   378001 6 6 1 1
41.411543 -121.075293   0.02110359     1625   285635 6 6 1 1
41.407093 -121.049428   0.03361050     1506   283522 6 6 1 1
41.276766 -121.076280   0.03289408     1490   255213 6 6 1 1
41.261087 -121.049293   0.01801743     1667   255497 6 6 1 1
41.190417 -120.835000   0.00548955     1509   280643 0 6 1 1
41.190417 -120.739167   0.00274478     1735   306129 0 6 1 1
41.173750 -120.829949   0.02588592     1505   281669 6 6 1 1
41.172091 -120.729458   0.04039645     1731   300593 6 6 1 1
41.582682 -121.650744   0.05682906     2095   260035 1 3 1 1
41.592046 -121.592428   0.19445622     2127   254257 1 3 1 1
41.582855 -121.540995   0.07942983     2163   253864 6 3 1 1
41.561250 -121.672500   0.00116965     1955   259718 0 3 1 1
41.554874 -121.575161   0.01992848     2082   251441 6 3 1 1
41.556793 -121.556793   0.00502984     2032   251032 0 3 1 1
41.568617 -121.643278   0.02588209     2088   260188 1 2 1 1
41.565417 -121.617500   0.00491220     2217   261140 1 2 1 1
41.565417 -121.522500   0.01364499     2117   254388 1 2 1 1
41.518235 -121.698015   0.04424305     1714   251170 6 2 1 1
41.541357 -121.657946   0.10772146     1879   251340 6 2 1 1
41.533123 -121.594851   0.16085716     1929   244005 6 2 1 1
41.542371 -121.531042   0.12245998     1913   246613 6 2 1 1
41.466294 -121.715119   0.17514755     1521   243696 6 2 1 1
41.468649 -121.686250   0.00679366     1510   244236 0 2 1 1
41.496667 -121.585000   0.00624434     1692   243149 0 2 1 1
41.433399 -121.716140   0.01485084     1443   243210 6 2 1 1
41.375833 -121.125833   0.00015640     1420   272488 0 6 1 1
41.375833 -121.121667   0.00062560     1422   272788 0 6 1 1
41.336840 -121.143444   0.04420922     1335   262421 7 6 1 1
41.336250 -121.121667   0.00782473     1359   262482 6 6 1 1
41.282169 -121.192173   0.01895325     1292   250911 0 6 1 1
41.276025 -121.157661   0.12851465     1305   252384 8 6 1 1
41.269924 -121.101974   0.09586501     1305   253394 6 6 1 1
41.253843 -121.052106   0.00845989     1499   254478 6 6 1 1
41.250833 -120.961389   0.00235049     1425   274348 0 6 1 1
41.219880 -121.206802   0.11385956     1288   243596 6 6 1 1
41.228849 -121.162672   0.11502161     1275   243730 10 6 1 1
41.236997 -121.087496   0.07939394     1284   249512 11 6 1 1
41.232631 -121.034377   0.09693469     1358   250870 6 6 1 1
41.228438 -120.965052   0.09052197     1399   259836 8 6 1 1
41.198574 -120.916633   0.04351297     1335   266349 8 6 1 1
41.182581 -121.195928   0.00984360     1280   241267 10 6 1 1
41.177730 -121.177730   0.01839356     1273   238953 8 6 1 1
41.125833 -121.055833   0.00078500     1276   254135 0 6 1 1
41.164228 -120.892863   0.09902343     1406   266780 7 6 1 1
41.145106 -120.864157   0.05319508     1452   275012 6 6 1 1
41.086907 -121.323615   0.06201859     1049   184522 7 6 1 1
41.085755 -121.292770   0.11195873     1118   188951 6 6 1 1
41.090417 -121.069583   0.04472959     1310   230421 10 6 1 1
41.087588 -121.043183   0.11509879     1356   232511 7 6 1 1
41.106521 -120.889519   0.04303425     1428   275706 7 6 1 1
41.109084 -120.862544   0.04726944     1470   278722 6 6 1 1
41.005000 -121.452917   0.01745805     1028   166229 7 6 1 1
41.008197 -121.403354   0.04797040     1018   166059 7 6 1 1
41.054895 -121.325504   0.01167092     1061   177335 7 6 1 1
41.036944 -121.279746   0.08855658     1110   183279 7 6 1 1
41.012238 -121.205189   0.04756458     1309   196324 7 6 1 1
41.023707 -121.156179   0.16297112     1325   215209 7 6 1 1
41.036289 -121.097858   0.08021690     1295   223419 6 6 1 1
41.041691 -121.023871   0.06245233     1476   232472 7 6 1 1
40.993089 -121.450929   0.02226125     1035   159332 7 6 1 1
40.986582 -121.417252   0.03500941     1039   163937 6 6 1 1
40.967473 -121.330108   0.10124028     1094   175008 7 6 1 1
40.965104 -121.281169   0.21249221     1120   187063 7 6 1 1
40.968750 -121.218750   0.22130755     1223   194295 7 6 1 1
40.968539 -121.156667   0.21830875     1389   203307 7 6 1 1
40.949463 -121.115258   0.02896350     1660   216097 7 6 1 1
40.947769 -120.951936   0.03695384     1677   239473 7 6 1 1
40.962578 -120.902994   0.17056667     1721   243308 7 6 1 1
40.968590 -120.868604   0.03563839     1747   252272 6 6 1 1
40.923406 -121.322250   0.03390035     1220   194547 7 6 1 1
40.915777 -121.283549   0.12147965     1270   194586 7 6 1 1
40.919471 -121.217136   0.10494147     1260   199178 6 6 1 1
40.907886 -121.154930   0.19805132     1363   205535 7 6 1 1
40.899842 -121.096408   0.09373404     1423   216855 7 6 1 1
40.901524 -121.028901   0.15769916     1400   224150 8 6 1 1
40.905140 -120.967793   0.20978640     1516   232500 7 6 1 1
40.910623 -120.908680   0.18645995     1681   241819 7 6 1 1
40.913325 -120.861923   0.06118703     1772   251015 7 6 1 1
40.864951 -121.138885   0.03452147     1351   212103 6 6 1 1
40.857995 -121.091645   0.07622398     1381   219463 6 6 1 1
40.854410 -121.030764   0.11847353     1421   225135 6 6 1 1
40.861754 -120.975187   0.07109199     1498   232577 6 6 1 1
41.330310 -121.132606   0.01838976     1292   262105 6 6 1 1
41.280132 -121.131395   0.03578839     1273   253125 8 6 1 1
41.278958 -121.121667   0.01002446     1272   253164 8 6 1 1
41.226667 -121.190417   0.00548651     1277   246444 0 6 1 1
41.210524 -121.157243   0.08372664     1267   241809 11 6 1 1
41.198617 -121.086831   0.04049529     1265   243999 8 6 1 1
41.196239 -121.028000   0.05860801     1270   248974 8 6 1 1
41.200564 -120.977466   0.05042106     1280   257561 11 6 1 1
41.173235 -121.197034   0.01333554     1273   239253 10 6 1 1
41.157353 -121.157057   0.12475514     1261   232651 10 6 1 1
41.176000 -121.092671   0.07024643     1262   239461 10 6 1 1
41.181006 -121.042832   0.03079550     1268   248080 8 6 1 1
41.158012 -120.979458   0.02957996     1291   258155 8 6 1 1
41.097053 -121.144392   0.12071143     1256   223866 10 6 1 1
41.085276 -121.120318   0.02183231     1255   224672 11 6 1 1
41.057177 -121.134793   0.01045158     1254   222661 11 6 1 1
41.061250 -121.121667   0.00094292     1254   224394 0 6 1 1
40.881029 -121.095363   0.03285071     1317   217750 8 6 1 1
40.879719 -121.040373   0.01520562     1319   224572 8 6 1 1
40.871667 -121.090417   0.02111915     1320   219348 8 6 1 1
40.871667 -121.044583   0.01355408     1326   224611 6 6 1 1
41.073125 -121.514645   0.03668718     1015   185701 11 3 1 1
41.073354 -121.494293   0.01241237     1012   183317 11 3 1 1
41.076595 -121.390624   0.05200331     1011   174583 11 3 1 1
41.078563 -121.354276   0.07093647     1012   177402 10 3 1 1
41.048372 -121.525305   0.07803755     1036   149985 7 3 1 1
41.037841 -121.462420   0.12514659     1020   167887 11 3 1 1
41.038789 -121.405721   0.15154876     1009   167510 8 3 1 1
41.027036 -121.344934   0.17994755     1016   175027 11 3 1 1
41.018456 -121.302409   0.04387170     1020   182492 11 3 1 1
40.993975 -121.342959   0.03288618     1045   177152 10 3 1 1
40.994606 -121.300696   0.01431625     1040   186037 8 3 1 1
41.253411 -121.465030   0.00759806     1186   203898 6 3 1 1
41.253724 -121.418403   0.01354633     1367   201443 6 3 1 1
41.197111 -121.504317   0.00956752     1101   199620 6 3 1 1
41.215778 -121.465381   0.19053166     1104   198705 6 3 1 1
41.218597 -121.406446   0.21904935     1124   192332 6 3 1 1
41.207882 -121.358521   0.08098250     1303   192472 6 3 1 1
41.197794 -121.225232   0.02391525     1334   243782 6 3 1 1
41.138640 -121.571025   0.02880489     1040   196436 6 3 1 1
41.148392 -121.526891   0.15012009     1042   187977 6 3 1 1
41.156250 -121.468750   0.22067750     1089   183662 6 3 1 1
41.156935 -121.406291   0.21519394     1057   181802 6 3 1 1
41.150117 -121.351891   0.14491325     1104   183672 6 3 1 1
41.129527 -121.305994   0.00690728     1252   190054 6 3 1 1
41.160982 -121.217139   0.06708028     1341   237457 6 3 1 1
41.114477 -121.572670   0.02575312     1026   194602 6 3 1 1
41.097777 -121.538916   0.10562728     1045   153634 6 3 1 1
41.120595 -121.470476   0.02748628     1023   182518 6 3 1 1
41.115833 -121.396042   0.03454546     1021   179399 6 3 1 1
41.115651 -121.348607   0.05732422     1042   181281 7 3 1 1
41.093490 -121.272084   0.06196585     1304   189213 6 3 1 1
41.083030 -121.218848   0.07917223     1372   195752 6 3 1 1
41.013333 -121.565417   0.00880700      901   144778 7 3 1 1
41.021072 -121.533511   0.13798116     1115   145504 7 3 1 1
41.012815 -121.487848   0.03915662     1220   154893 7 3 1 1
41.037967 -121.258778   0.05054562     1156   188686 6 3 1 1
41.036342 -121.222620   0.17270098     1360   190840 6 3 1 1
41.047500 -121.183399   0.00746571     1440   222498 0 3 1 1
40.965417 -121.566250   0.02341339      920   144817 7 3 1 1
40.968833 -121.531710   0.22524218      944   145465 7 3 1 1
40.968248 -121.470181   0.17897080     1074   153605 7 3 1 1
40.958069 -121.421881   0.07833445     1076   163976 7 3 1 1
40.944583 -121.343333   0.01338171     1143   180712 7 3 1 1
40.924822 -121.571285   0.02602413      992   153731 7 3 1 1
40.917627 -121.537727   0.10376236      980   152545 7 3 1 1
40.922243 -121.448500   0.03484762     1163   156393 6 3 1 1
40.910947 -121.411411   0.16298911     1145   169578 7 3 1 1
40.923278 -121.351195   0.04173265     1114   177385 7 3 1 1
40.871667 -121.547500   0.00315211      980   161419 0 3 1 1
41.385126 -120.897626   0.05566307     1503   299593 6 3 1 1
41.391018 -120.848235   0.10241578     1508   304881 6 3 1 1
41.379527 -120.805994   0.00688090     1461   318277 6 3 1 1
41.364159 -120.902614   0.07102507     1759   289313 6 3 1 1
41.350174 -120.833866   0.08997400     1750   288335 6 3 1 1
41.339587 -120.783557   0.17908756     1652   320460 6 3 1 1
41.328351 -120.739728   0.03975172     1519   336830 6 3 1 1
41.293515 -120.765246   0.07150291     1756   329433 6 3 1 1
41.274785 -120.726717   0.14166592     1697   340533 6 3 1 1
41.255930 -120.681760   0.00806888     1632   393893 7 3 1 1
41.226583 -120.710152   0.13153532     1880   308343 6 3 1 1
41.213052 -120.668172   0.11421378     1826   392589 6 3 1 1
41.182639 -120.660093   0.01764780     1851   400281 6 3 1 1
40.958706 -120.839332   0.12201801     1858   253182 6 3 1 1
40.959883 -120.807767   0.01141025     1847   298015 6 3 1 1
40.915098 -120.841234   0.05308297     1814   253878 6 3 1 1
41.335618 -121.276844   0.08255102     1301   263118 6 6 1 1
41.308399 -121.263728   0.00743667     1301   260926 6 6 1 1
41.315417 -120.823750   0.00739673     1861   287533 6 3 1 1
41.315417 -120.807083   0.00356139     1747   328446 6 3 1 1
41.300318 -120.821700   0.02705042     1882   286245 6 3 1 1
41.277773 -120.786065   0.12581448     1931   289130 6 3 1 1
41.250833 -120.746667   0.00062680     1857   403250 0 3 1 1
41.237848 -120.762815   0.03902934     1918   310980 6 3 1 1
41.226354 -120.741222   0.02758821     1891   308845 6 3 1 1
41.375833 -121.464167   0.00234599     1339   235212 0 3 1 1
41.338179 -121.520803   0.12456812     1402   219348 6 3 1 1
41.342452 -121.469095   0.20130447     1356   231009 6 3 1 1
41.339723 -121.407038   0.18363403     1350   239528 6 3 1 1
41.327619 -121.359693   0.05696612     1353   271806 6 3 1 1
41.297125 -121.519216   0.07187946     1443   213981 6 3 1 1
41.285089 -121.466003   0.17675042     1436   204121 6 3 1 1
41.279736 -121.402934   0.16391562     1422   201629 6 3 1 1
41.283287 -121.343294   0.19358394     1388   249084 6 3 1 1
41.260117 -121.289759   0.03227820     1348   257667 6 3 1 1
41.250833 -121.246667   0.00062680     1431   256887 0 3 1 1
41.195105 -121.717943   0.04072893     1284   223710 6 3 1 1
41.198264 -121.654478   0.07429111     1229   214282 6 3 1 1
41.196609 -121.597276   0.06095832     1148   205656 6 3 1 1
41.194583 -121.561250   0.00199964     1108   205487 0 3 1 1
41.207643 -121.269144   0.08468082     1389   251566 6 3 1 1
41.216982 -121.239910   0.06152574     1386   247083 6 3 1 1
41.176667 -121.750833   0.00156877     1431   233098 0 3 1 1
41.157968 -121.714982   0.19165136     1443   147275 1 3 1 1
41.156250 -121.656250   0.22067750     1301   149020 6 3 1 1
41.157972 -121.599154   0.17971326     1164   198095 6 3 1 1
41.186250 -121.561250   0.00035292     1101   205171 0 3 1 1
41.176292 -121.266750   0.03923009     1517   198222 6 3 1 1
41.155010 -121.238039   0.08120128     1513   198408 1 3 1 1
41.075292 -121.763153   0.03629960     1429   135041 1 3 1 1
41.093126 -121.718017   0.21523774     1353   132503 6 3 1 1
41.094919 -121.657734   0.20894579     1172   137655 6 3 1 1
41.091617 -121.595826   0.18978505     1185   140007 6 3 1 1
41.081233 -121.557565   0.01731887     1288   153557 6 3 1 1
41.121667 -121.250833   0.00062804     1544   197884 0 3 1 1
41.101923 -121.226078   0.04805972     1425   198146 6 3 1 1
41.033526 -121.758478   0.04088826     1282   119225 6 3 1 1
41.031250 -121.718750   0.22109779     1073   119464 6 3 1 1
41.030428 -121.657188   0.22596185      944   127796 6 3 1 1
41.031255 -121.593982   0.20505934      999   137479 6 3 1 1
41.044583 -121.561250   0.00506948     1124   148844 0 3 1 1
40.955499 -121.769644   0.08382745     1143   111765 6 3 1 1
40.971631 -121.718975   0.19730920     1029   119372 6 3 1 1
40.970507 -121.656588   0.19613330     1026   128205 6 3 1 1
40.969144 -121.597003   0.19789760      941   139045 6 3 1 1
40.923471 -121.760481   0.03646298     1183   114581 6 3 1 1
40.905171 -121.717691   0.18506033     1057   155724 6 3 1 1
40.903470 -121.652609   0.17189378      973   148073 6 3 1 1
40.903777 -121.596741   0.19547786      984   147994 7 3 1 1
40.892723 -121.554514   0.02938239      980   156280 6 3 1 1
40.851461 -121.704521   0.09523226     1094   159566 6 3 1 1
40.850907 -121.656859   0.16869896     1199   156213 6 3 1 1
40.853499 -121.594512   0.14461960     1167   155635 6 3 1 1
40.835277 -121.536730   0.14698541     1115   161589 6 3 1 1
40.820819 -121.493489   0.00930590     1012   170460 6 3 1 1
40.788460 -121.567627   0.02529377     1433   171109 6 3 1 1
40.782197 -121.531766   0.21009471     1371   169399 6 3 1 1
40.775032 -121.496667   0.00410372     1070   171394 0 3 1 1
41.073284 -121.630274   0.01194108      955   139815 6 6 1 1
41.069583 -121.621667   0.00534254      948   139777 6 6 1 1
41.055994 -121.629527   0.00691557      934   137764 6 6 1 1
41.052917 -121.621667   0.00722998      932   137949 6 6 1 1
41.255000 -121.375833   0.00094016     1593   203217 0 3 1 1
41.254418 -121.354803   0.02075217     1487   274305 6 3 1 1
41.250833 -121.287272   0.00415254     1379   258415 0 3 1 1
41.242500 -121.375833   0.00141048     1525   199136 0 3 1 1
41.225059 -121.335175   0.13949999     1518   199321 6 3 1 1
41.225674 -121.288797   0.13578300     1479   253247 6 3 1 1
41.167982 -121.328176   0.07575033     1542   190319 6 3 1 1
41.152802 -121.283530   0.17454513     1688   190747 6 3 1 1
41.113037 -121.266088   0.04632873     1458   192320 6 3 1 1
41.094722 -121.239069   0.04005260     1530   197583 6 3 1 1
41.196977 -121.951144   0.03132578     1444   105946 1 3 1 1
41.205932 -121.904448   0.12798798     1464   109327 1 3 1 1
41.203496 -121.846760   0.10916852     1487   129899 1 3 1 1
41.201389 -121.777864   0.09271288     1380   139080 1 3 1 1
41.208096 -121.744062   0.02257691     1325   230059 1 3 1 1
41.182411 -121.949964   0.01494219     1647   102513 6 3 1 1
41.160861 -121.900157   0.11906920     1367   104310 1 3 1 1
41.171012 -121.845924   0.09645754     1589   109001 5 3 1 1
41.156108 -121.780980   0.21558055     1454   114674 6 3 1 1
41.144910 -121.743626   0.02903352     1493   149953 1 3 1 1
41.105224 -121.823354   0.04381784     1318   107550 1 3 1 1
41.097792 -121.784343   0.18141951     1528   107173 1 3 1 1
41.117500 -121.746667   0.00565268     1509   147677 0 3 1 1
41.048004 -121.778519   0.06366069     1515   107327 1 3 1 1
40.818651 -121.695915   0.00863561     1272   168447 6 3 1 1
40.820974 -121.654311   0.05302421     1620   162263 6 3 1 1
40.825463 -121.592321   0.07711589     1502   161537 6 3 1 1
40.777404 -121.701360   0.08977341     1395   170445 6 3 1 1
40.781250 -121.656250   0.22193523     1611   164375 1 3 1 1
40.780767 -121.597399   0.19372210     1551   164238 6 3 1 1
40.755833 -121.561250   0.00118411     1708   179450 0 3 1 1
40.731001 -121.696721   0.03617078     1511   181262 1 3 1 1
40.727116 -121.657369   0.16111535     1652   182675 1 3 1 1
40.738511 -121.613511   0.03332172     1712   182883 1 3 1 1
40.945061 -121.716899   0.02400937      978   157875 11 6 1 1
40.955065 -121.653620   0.02518523      955   143065 6 6 1 1
40.919355 -121.718276   0.02874241      996   157377 11 6 1 1
40.915880 -121.668862   0.04961227      979   147795 7 6 1 1
40.868782 -121.728269   0.01024487     1025   163263 6 6 1 1
40.750833 -121.710000   0.00157893     1499   181039 0 6 1 1
40.722078 -121.709858   0.06650189     1514   181301 1 6 1 1
40.701667 -121.686250   0.00236998     1538   189201 0 6 1 1
41.444583 -120.530833   0.00663994     1328   354837 8 6 1 1
41.380000 -120.565417   0.00328418     1333   363627 11 6 1 1
41.403390 -120.545159   0.05573138     1331   356412 11 6 1 1
41.371667 -120.565417   0.00218973     1336   364554 11 6 1 1
41.341832 -120.543753   0.11399289     1333   364100 11 6 1 1
41.270985 -120.567992   0.02154235     1345   376196 11 6 1 1
41.279782 -120.541421   0.13861619     1337   372440 11 6 1 1
41.246667 -120.551667   0.00626838     1338   381417 10 6 1 1
41.568040 -120.443040   0.00736798     1391   370731 8 8 1 1
41.569583 -120.436250   0.00198814     1398   371642 0 8 1 1
41.505000 -120.908611   0.00936531     1366   316993 7 8 1 1
41.515093 -120.823750   0.01053433     1433   326455 8 8 1 1
41.512387 -120.792267   0.02302007     1393   324650 8 8 1 1
41.510147 -120.583284   0.01326646     1332   345010 10 8 1 1
41.500833 -120.505000   0.00093659     1337   359531 0 8 1 1
41.529027 -120.462677   0.05605365     1364   360642 8 8 1 1
41.509975 -120.424950   0.02181198     1394   369229 8 8 1 1
41.464918 -120.898898   0.05482266     1345   304521 8 8 1 1
41.454448 -120.857721   0.06150326     1317   305955 7 8 1 1
41.471066 -120.786256   0.05080421     1327   313596 10 8 1 1
41.460317 -120.709418   0.04724927     1324   322990 10 8 1 1
41.482010 -120.653260   0.03317655     1334   333490 10 8 1 1
41.485540 -120.595142   0.03551970     1330   341878 10 8 1 1
41.468235 -120.524495   0.12845614     1332   350666 11 8 1 1
41.450425 -120.483601   0.04139783     1346   359198 10 8 1 1
41.477669 -120.404138   0.04606455     1432   371482 8 8 1 1
41.430833 -120.940417   0.00273467     1429   302686 6 8 1 1
41.421271 -120.901149   0.05102746     1330   298675 6 8 1 1
41.430391 -120.835759   0.03184238     1318   305456 10 8 1 1
41.424106 -120.777411   0.05348403     1315   313250 8 8 1 1
41.410430 -120.718605   0.08323841     1322   320430 10 8 1 1
41.391283 -120.675800   0.02462691     1334   330575 8 8 1 1
41.432590 -120.511081   0.01156415     1333   356796 11 8 1 1
41.436250 -120.476528   0.00562515     1352   360106 0 8 1 1
41.371667 -120.718333   0.00625638     1339   327649 7 8 1 1
41.357222 -120.519722   0.02346647     1361   365826 10 8 1 1
41.446373 -120.828381   0.01718655     1319   309745 10 6 1 1
41.457214 -120.795255   0.02616439     1319   313874 10 6 1 1
41.436250 -120.830833   0.00117191     1323   310326 0 6 1 1
41.432083 -120.801667   0.01015717     1315   313528 10 6 1 1
41.250833 -120.565417   0.00054845     1337   380963 0 6 1 1
41.250833 -120.524693   0.00415254     1349   381187 0 6 1 1
41.246667 -120.565417   0.00219393     1342   381187 11 6 1 1
41.236539 -120.527364   0.06442083     1345   381372 10 6 1 1
41.239167 -120.484167   0.01488832     1385   388061 8 6 1 1
41.580833 -120.440417   0.00272835     1455   372783 0 3 1 1
41.579240 -120.420552   0.04677271     1440   372374 8 3 1 1
41.500833 -120.579387   0.00132684     1334   346090 0 3 1 1
41.509898 -120.514236   0.02754415     1355   350657 10 3 1 1
41.531084 -120.466983   0.05187702     1380   360534 8 3 1 1
41.551393 -120.432357   0.01247754     1447   369760 8 3 1 1
41.463776 -120.589457   0.08102326     1347   345745 10 3 1 1
41.472135 -120.540246   0.07828516     1335   350535 11 3 1 1
41.466135 -120.472222   0.09605055     1356   358975 11 3 1 1
41.399962 -120.697140   0.01719788     1328   327204 9 3 1 1
41.383523 -120.667936   0.01720032     1373   330783 8 3 1 1
41.408251 -120.575062   0.07820060     1345   355549 11 3 1 1
41.417189 -120.537544   0.07888817     1341   355951 10 3 1 1
41.427138 -120.475055   0.04765938     1360   360237 8 3 1 1
41.368038 -120.666317   0.02424598     1350   335203 8 3 1 1
41.362102 -120.572519   0.02620312     1342   365404 11 3 1 1
41.333430 -120.515902   0.05336687     1346   365311 10 3 1 1
41.336356 -120.493489   0.00923316     1394   374562 9 3 1 1
41.255000 -120.940417   0.00329050     1306   273360 0 3 1 1
41.254893 -120.910466   0.03039375     1319   272728 10 3 1 1
41.287717 -120.512929   0.06381997     1347   373696 10 3 1 1
41.296012 -120.496667   0.01096138     1371   376252 8 3 1 1
41.202685 -121.133061   0.02956352     1264   242263 11 3 1 1
41.212448 -121.101473   0.10057786     1270   242487 8 3 1 1
41.210716 -121.035046   0.05018224     1279   249937 10 3 1 1
41.210195 -120.960212   0.05663979     1324   259366 10 3 1 1
41.232070 -120.910039   0.11031954     1307   265994 10 3 1 1
41.239167 -120.871667   0.00313455     1375   275629 0 3 1 1
41.239167 -120.565417   0.00274273     1383   382267 0 3 1 1
41.220381 -120.526295   0.06898462     1369   382267 10 3 1 1
41.213598 -120.469989   0.17049690     1426   388230 10 3 1 1
41.222500 -120.436250   0.00352727     1457   396625 0 3 1 1
41.141968 -121.199561   0.04920722     1272   234047 10 3 1 1
41.149376 -121.149853   0.07753038     1262   232421 10 3 1 1
41.147024 -121.094254   0.15042449     1264   232574 10 3 1 1
41.152366 -121.029285   0.18895109     1277   236668 10 3 1 1
41.156202 -120.966903   0.18968663     1299   256983 8 3 1 1
41.149328 -120.917582   0.12023605     1344   266317 8 3 1 1
41.186250 -120.500833   0.00023528     1442   394957 0 3 1 1
41.184468 -120.474682   0.01192840     1545   395088 6 3 1 1
41.101528 -121.196851   0.05360650     1269   230552 6 3 1 1
41.089770 -121.170539   0.10016781     1268   223981 10 3 1 1
41.095915 -121.096995   0.15433744     1263   225196 8 3 1 1
41.109736 -121.025774   0.05512619     1365   236985 7 3 1 1
41.117188 -120.958719   0.03360736     1326   263447 8 3 1 1
41.116670 -120.911888   0.04256183     1377   272628 8 3 1 1
41.061250 -121.190417   0.00082506     1428   232990 0 3 1 1
41.053192 -121.157826   0.03925814     1341   220108 7 3 1 1
41.052962 -121.104737   0.04361830     1260   223572 11 3 1 1
41.693448 -120.388933   0.01840171     1457   389784 8 6 1 1
41.693808 -120.365328   0.01159424     1497   392130 6 6 1 1
41.658166 -120.397927   0.12792227     1454   380034 8 6 1 1
41.676295 -120.367468   0.02039312     1488   388151 6 6 1 1
41.621667 -120.397500   0.01558069     1476   379401 7 6 1 1
41.697624 -120.447624   0.02447170     1446   389414 10 6 1 1
41.695154 -120.424385   0.01960803     1451   389861 8 6 1 1
41.680383 -120.444726   0.01249287     1443   386822 10 6 1 1
41.678739 -120.425204   0.02564688     1451   386515 8 6 1 1
41.566743 -120.400209   0.02081212     1515   373831 8 6 1 1
41.565417 -120.371667   0.00218320     1563   380992 6 6 1 1
41.557496 -120.400558   0.02363437     1515   372243 8 6 1 1
41.557083 -120.371667   0.00405503     1577   378401 8 6 1 1
41.565417 -120.543333   0.00545799     1476   356844 8 6 1 1
41.514419 -120.900146   0.05868313     1411   315389 8 6 1 1
41.504282 -120.870374   0.00452647     1452   315466 7 6 1 1
41.504405 -120.771310   0.00546295     1389   324496 8 6 1 1
41.504857 -120.707897   0.02278663     1475   332140 8 6 1 1
41.506000 -120.654917   0.01949935     1470   335951 8 6 1 1
41.517722 -120.587548   0.10050770     1406   343968 8 6 1 1
41.533307 -120.534044   0.18253804     1403   350657 8 6 1 1
41.518987 -120.469280   0.06647155     1386   360394 8 6 1 1
41.521285 -120.409691   0.08177116     1443   368328 8 6 1 1
41.476393 -120.904615   0.10993262     1415   304444 8 6 1 1
41.472170 -120.841797   0.10088302     1369   306278 7 6 1 1
41.468318 -120.776685   0.13368229     1345   314197 10 6 1 1
41.470198 -120.720593   0.16675176     1353   321283 10 6 1 1
41.468869 -120.662006   0.15309684     1354   328847 10 6 1 1
41.496667 -120.596009   0.01186425     1353   343035 0 6 1 1
41.488966 -120.455309   0.04473830     1371   360828 8 6 1 1
41.474348 -120.403941   0.08737506     1471   367733 8 6 1 1
41.450152 -120.368061   0.01624662     1531   379666 7 6 1 1
41.420069 -120.943368   0.00937774     1408   297503 0 6 1 1
41.424808 -120.912612   0.04923013     1373   299123 10 6 1 1
41.415569 -120.841604   0.08362155     1381   304804 7 6 1 1
41.404527 -120.781189   0.08817618     1371   313966 7 6 1 1
41.406801 -120.723762   0.10844778     1324   320698 10 6 1 1
41.417914 -120.666250   0.08788224     1348   328108 9 6 1 1
41.389783 -120.524493   0.03596471     1361   361074 10 6 1 1
41.436250 -120.380000   0.00140629     1556   381024 0 6 1 1
41.436250 -120.371667   0.00093752     1564   381842 0 6 1 1
41.367500 -120.780370   0.01407775     1477   320444 6 6 1 1
41.371667 -120.530833   0.00312819     1404   364091 10 6 1 1
41.455005 -120.632801   0.03335440     1373   334772 8 16 1 1
41.462994 -120.596727   0.09121062     1355   338204 10 16 1 1
41.462604 -120.557865   0.00624750     1337   350835 11 16 1 1
41.406834 -120.637656   0.07840645     1421   334286 8 16 1 1
41.408162 -120.605704   0.12677248     1423   338050 10 16 1 1
41.456003 -120.443503   0.01792577     1406   366791 8 12 1 1
41.451424 -120.417942   0.06759497     1499   367439 8 12 1 1
41.440417 -120.323750   0.00738253     1730   387057 0 12 1 1
41.440417 -120.311250   0.00082028     1782   389674 0 12 1 1
41.407249 -120.508108   0.01970001     1405   359496 10 12 1 1
41.399256 -120.466682   0.16654491     1420   362861 9 12 1 1
41.405596 -120.414977   0.14243927     1543   367593 8 12 1 1
41.418469 -120.342987   0.08209922     1706   376166 6 12 1 1
41.425771 -120.304588   0.01441621     1908   389713 6 12 1 1
41.319583 -120.625833   0.00133054     1481   346065 0 12 1 1
41.330986 -120.595507   0.08434963     1502   344253 11 12 1 1
41.346523 -120.500833   0.00453802     1383   366197 0 12 1 1
41.344074 -120.467667   0.21082505     1423   366382 9 12 1 1
41.345219 -120.410132   0.18951749     1568   381701 8 12 1 1
41.347500 -120.371667   0.00312935     1631   393320 0 12 1 1
41.287315 -120.697978   0.04228617     1601   342061 6 12 1 1
41.270681 -120.662740   0.09187377     1593   345285 7 12 1 1
41.297182 -120.595636   0.08550634     1542   347925 11 12 1 1
41.285903 -120.460555   0.15056377     1450   376869 9 12 1 1
41.284607 -120.415931   0.13801553     1561   383867 9 12 1 1
41.243364 -120.446915   0.01512376     1445   387824 10 12 1 1
41.244988 -120.433016   0.00524983     1490   396663 0 12 1 1
41.690417 -120.500833   0.00054474     1531   396367 0 6 1 1
41.696531 -120.471395   0.02602604     1496   390801 8 6 1 1
41.663424 -120.500833   0.00179062     1535   378593 0 6 1 1
41.654568 -120.467509   0.18640325     1529   371538 8 6 1 1
41.642230 -120.424927   0.05046191     1465   379957 8 6 1 1
41.613756 -120.466425   0.06919181     1534   365676 8 6 1 1
41.612039 -120.429211   0.02508860     1496   375282 8 6 1 1
41.391818 -120.778519   0.06113681     1470   315778 7 9 1 1
41.378869 -120.704137   0.01094706     1353   326105 0 9 1 1
41.379667 -120.647417   0.01172857     1458   332905 8 9 1 1
41.379212 -120.597117   0.01157061     1444   341392 11 9 1 1
41.381993 -120.512355   0.01798391     1394   362972 10 9 1 1
41.365710 -120.760117   0.02330850     1495   320968 6 9 1 1
41.346263 -120.713974   0.17404248     1484   326368 7 9 1 1
41.340886 -120.655202   0.19445424     1470   334286 7 9 1 1
41.348730 -120.598133   0.10729373     1432   341575 11 9 1 1
41.360131 -120.522139   0.02154986     1388   364554 10 9 1 1
41.300268 -120.711245   0.03566381     1605   340626 6 9 1 1
41.291016 -120.649585   0.12032365     1610   344023 7 9 1 1
41.271266 -120.597380   0.11265635     1535   349660 11 9 1 1
41.275171 -120.515644   0.01366834     1368   373457 10 9 1 1
41.266567 -120.484544   0.05874608     1414   379522 10 9 1 1
41.227051 -120.642631   0.09994622     1690   388368 6 9 1 1
41.218206 -120.594399   0.21552104     1651   381318 7 9 1 1
41.205972 -120.554730   0.02629987     1494   383763 8 9 1 1
41.246667 -120.476667   0.01253677     1438   387322 0 9 1 1
41.173220 -120.637394   0.01357067     1814   400096 6 9 1 1
41.178425 -120.600337   0.04530855     1757   392263 6 9 1 1
41.181184 -120.557353   0.00545105     1804   392679 6 9 1 1
41.022500 -120.630000   0.00471738     1694   318403 0 11 1 1
41.019028 -120.611944   0.01887107     1691   319244 0 11 1 1
41.086152 -120.714176   0.01845854     1540   299162 10 11 1 1
41.071752 -120.676350   0.02121156     1542   305327 10 11 1 1
41.057514 -120.669626   0.01139483     1543   309206 8 11 1 1
41.149816 -120.458876   0.12218291     1898   398236 6 6 1 1
41.148886 -120.425713   0.06379205     1708   403806 6 6 1 1
41.125833 -120.284167   0.00251198     2114   420541 0 6 1 1
41.142950 -120.217911   0.05963243     2270   432009 6 6 1 1
41.129527 -120.180994   0.00663256     2505   445636 6 6 1 1
41.065417 -120.589167   0.00821067     1747   317902 7 6 1 1
41.114728 -120.453351   0.03988742     1865   405611 6 6 1 1
41.117452 -120.430218   0.01350344     1872   415531 6 6 1 1
41.110000 -120.315417   0.00549629     1991   419391 6 6 1 1
41.092985 -120.278968   0.18613915     1932   427507 7 6 1 1
41.097422 -120.221953   0.18675442     2087   435138 6 6 1 1
41.110909 -120.180748   0.02041330     2404   444432 6 6 1 1
41.044048 -120.589931   0.04004548     1838   318627 7 6 1 1
41.031875 -120.347500   0.02853656     1887   427019 7 6 1 1
41.048821 -120.272861   0.07384838     1923   428201 7 6 1 1
41.040635 -120.231787   0.05942073     1909   435500 7 6 1 1
40.987976 -120.754405   0.00550667     1888   301847 0 6 1 1
40.974252 -120.717487   0.05791078     1885   302674 7 6 1 1
40.967912 -120.670145   0.03462303     1909   322154 7 6 1 1
41.569583 -120.267598   0.00647121     2032   395890 6 6 1 1
41.561250 -120.272500   0.00089674     1941   395798 0 6 1 1
41.047500 -120.305833   0.00239705     1861   429604 0 6 1 1
41.198600 -120.528435   0.05448712     1437   387288 9 6 1 1
41.167964 -120.519595   0.09611872     1587   391832 6 6 1 1
41.161316 -120.494693   0.02980821     1578   395312 7 6 1 1
41.198750 -120.440417   0.00740996     1526   398561 7 6 1 1
41.196122 -120.423526   0.02983460     1529   399271 9 6 1 1
41.141074 -120.720773   0.08710821     1727   297120 6 6 1 1
41.146797 -120.650698   0.12571929     1778   319669 6 6 1 1
41.142937 -120.608405   0.05987559     1790   319314 6 6 1 1
41.146988 -120.533677   0.08450958     1803   393596 6 6 1 1
41.161506 -120.475126   0.05676088     1666   396523 6 6 1 1
41.155185 -120.405255   0.10039447     1607   401802 8 6 1 1
41.125833 -120.335000   0.00156999     1726   416189 0 6 1 1
41.106051 -120.712180   0.10836888     1622   297120 6 6 1 1
41.093894 -120.651298   0.17475759     1693   305535 7 6 1 1
41.091196 -120.606613   0.12172774     1744   313706 7 6 1 1
41.111412 -120.529425   0.07287040     1838   403173 7 6 1 1
41.103915 -120.473619   0.07962408     1739   403173 6 6 1 1
41.093500 -120.404790   0.13717193     1717   414306 7 6 1 1
41.089538 -120.343044   0.18319105     1767   415099 7 6 1 1
41.082699 -120.302624   0.02124507     1787   426728 8 6 1 1
41.009935 -120.696460   0.02217617     1748   315895 7 6 1 1
41.027853 -120.652930   0.18025914     1670   309839 7 6 1 1
41.030138 -120.608504   0.08713974     1769   315086 7 6 1 1
41.044563 -120.386383   0.04629990     1864   423245 7 6 1 1
41.047998 -120.347922   0.09203974     1839   422861 7 6 1 1
41.052917 -120.311250   0.00251458     1859   427977 0 6 1 1
40.968553 -120.763114   0.02785548     1838   299718 6 6 1 1
40.979907 -120.714515   0.03382976     1824   302990 7 6 1 1
40.988005 -120.657344   0.08123019     1750   317585 7 6 1 1
40.993877 -120.612266   0.01644070     1871   319937 7 6 1 1
40.884410 -120.888065   0.02694623     1724   248254 6 6 1 1
40.883487 -120.860752   0.02848113     1769   251888 7 6 1 1
40.856747 -120.880806   0.01931801     1811   250884 6 6 1 1
40.848311 -120.859301   0.09502420     1892   252952 6 6 1 1
41.003656 -121.944046   0.00487570      615    85030 6 6 1 1
41.021039 -121.895749   0.10534574      662    88434 6 6 1 1
41.026196 -121.868406   0.02893091      834    97560 6 6 1 1
40.966312 -121.955540   0.12453298      851    75020 6 6 1 1
40.968750 -121.906250   0.22130755      902    76586 6 6 1 1
40.964179 -121.857387   0.11444514     1013    81777 6 6 1 1
40.942557 -121.800890   0.01302708     1195   111424 0 6 1 1
40.919498 -121.955723   0.07839679      782    69943 6 6 1 1
40.907708 -121.904957   0.20947749      923    69118 6 6 1 1
40.905927 -121.843934   0.21914618     1374    75771 1 6 1 1
40.902856 -121.785343   0.18503759     1358    85422 6 6 1 1
40.883316 -121.745901   0.00772112     1163   165916 0 6 1 1
40.828762 -122.010767   0.04352901      513    52769 6 6 1 1
40.830459 -121.981510   0.07986960      689    56156 6 6 1 1
40.848001 -121.893415   0.12062298      953    69348 6 6 1 1
40.843750 -121.843750   0.22172627     1240    75685 6 6 1 1
40.843750 -121.781250   0.22172627     1381    84636 6 6 1 1
40.836555 -121.732268   0.10760638     1294   164813 6 6 1 1
40.788590 -122.008546   0.02394229      625    52823 6 6 1 1
40.781307 -121.973974   0.04252352      725    56665 6 6 1 1
40.777498 -121.900313   0.03309297     1015    74324 6 6 1 1
40.781250 -121.843750   0.07842653     1383    78338 1 6 1 1
40.781250 -121.781250   0.18746241     1604    85438 1 6 1 1
40.784261 -121.730808   0.13058687     1428    96285 1 6 1 1
40.718750 -121.781250   0.03131005     1752   182336 1 6 1 1
40.713516 -121.731143   0.06073195     1621   182953 1 6 1 1
40.779109 -122.075388   0.05212181      573    41226 6 6 1 1
40.788305 -122.049497   0.04007797      614    48781 1 6 1 1
40.706161 -122.219323   0.00698957      395    29565 6 9 1 1
41.017392 -121.960254   0.07862814      699    84244 6 6 1 1
41.018333 -121.936250   0.00235884      607    88510 0 6 1 1
40.960057 -122.008599   0.04620051      814    66857 1 6 1 1
40.970346 -121.985325   0.09111260      653    75820 6 6 1 1
40.902158 -122.014605   0.09728625      831    61017 6 6 1 1
40.903177 -121.984112   0.10710939      663    61602 6 6 1 1
40.828306 -122.539235   0.04490791      948    21871 6 6 1 1
40.815417 -122.484167   0.01048967      793    16745 1 6 1 1
40.864276 -122.012182   0.03136807      573    57352 6 6 1 1
40.865188 -121.987657   0.03010650      763    58579 6 6 1 1
40.781621 -122.528200   0.02745394      910    22162 6 6 1 1
40.778344 -122.472341   0.11543822      936     6637 6 6 1 1
40.758704 -122.433241   0.00738018      501     5202 6 6 1 1
40.754053 -122.074034   0.00240778      543    39992 6 6 1 1
40.772242 -122.030288   0.00276133      706    51682 6 6 1 1
40.746667 -122.432083   0.00011842      460     4059 6 6 1 1
40.744062 -122.080203   0.00505296      547    40270 6 6 1 1
40.888812 -121.947051   0.02261062      571    66587 6 7 1 1
40.880899 -121.928734   0.01205481      719    68038 6 7 1 1
40.841290 -121.946726   0.06209545      662    64682 6 7 1 1
40.838679 -121.921562   0.10110451      718    67050 6 7 1 1
40.781127 -121.957437   0.00579763      698    71755 6 7 1 1
40.794000 -121.926425   0.01731635      727    71771 6 7 1 1
40.882696 -121.958775   0.01339428      566    64660 6 6 1 1
40.855198 -121.964299   0.04965886      555    61403 6 6 1 1
40.703276 -122.412492   0.00260669      327        0 6 6 1 1
40.726667 -122.132696   0.01243721      477    35260 6 6 1 1
40.717996 -122.092086   0.00702886      513    37276 6 6 1 1
41.065417 -121.948750   0.00742503      851    94135 6 3 1 1
41.065417 -121.936250   0.00082500      689    94806 0 3 1 1
41.048406 -121.947250   0.03383619      713    89188 6 3 1 1
41.033913 -121.922556   0.07581758      622    88865 6 3 1 1
40.460484 -121.483921   0.01292020     2437   229025 6 3 1 1
41.625833 -120.280833   0.00077898     2347   395852 0 16 1 1
41.597772 -120.275731   0.03604284     2270   394867 6 16 1 1
41.396146 -120.230312   0.01156931     2542   393997 6 16 1 1
41.346667 -120.213922   0.02562122     2625   396896 6 16 1 1
41.279963 -120.200491   0.02341533     2652   428983 6 16 1 1
41.272500 -120.186250   0.00039163     2573   431114 0 16 1 1
41.649881 -120.295119   0.02394433     2188   393628 6 3 1 1
41.529679 -120.285160   0.03545629     2130   393395 6 3 1 1
41.484120 -120.262824   0.02572446     2042   394279 6 3 1 1
41.464167 -120.246667   0.00800464     2032   395762 6 3 1 1
41.196339 -120.208831   0.03916360     2102   426401 1 3 1 1
41.204322 -120.153376   0.06542467     2313   429858 6 3 1 1
41.135000 -120.250833   0.00156977     2127   426820 0 3 1 1
41.158698 -120.217164   0.12714841     2198   425980 6 3 1 1
41.165021 -120.168919   0.04401496     2368   434447 6 3 1 1
41.440417 -121.690417   0.00191399     1430   243433 6 3 1 1
41.440417 -121.682083   0.00355455     1413   242631 0 3 1 1
41.379500 -122.386611   0.00856221     1198   116502 6 3 1 1
41.379945 -122.334030   0.00543456     1340   114243 6 3 1 1
41.379527 -122.305994   0.00473060     1551   115368 7 3 1 1
41.382767 -122.010948   0.02048624     1341   125128 6 3 1 1
41.385539 -121.968676   0.06644830     1297   132746 6 3 1 1
41.389345 -121.921006   0.04831868     1349   133625 6 3 1 1
41.395502 -121.757073   0.03299636     1432   247096 6 3 1 1
41.403721 -121.718378   0.20091888     1421   236374 6 3 1 1
41.397320 -121.675093   0.06545447     1360   232009 6 3 1 1
41.360472 -122.388694   0.04521201     1190   111680 6 3 1 1
41.341817 -122.339683   0.17143387     1182   104652 6 3 1 1
41.341099 -122.293897   0.12654372     1340   105237 6 3 1 1
41.315417 -122.130833   0.00273953     1416   101793 6 3 1 1
41.351516 -122.008348   0.04538449     1277   114112 6 3 1 1
41.343750 -121.968750   0.22004508     1227   115300 6 3 1 1
41.333880 -121.919808   0.08562253     1221   123264 6 3 1 1
41.319045 -121.847094   0.03818916     1363   128163 6 3 1 1
41.346575 -121.758345   0.04287733     1413   246441 6 3 1 1
41.347284 -121.717395   0.19321682     1395   233060 6 3 1 1
41.342753 -121.657415   0.21080278     1319   225307 6 3 1 1
41.328600 -121.618532   0.02527467     1219   226001 6 3 1 1
41.285000 -122.375833   0.00156618     1110   105726 0 3 1 1
41.283605 -122.338181   0.13004817     1048    96944 6 3 1 1
41.282831 -122.280281   0.19276647     1117    90780 6 3 1 1
41.266598 -122.221155   0.11004177     1304    92438 1 3 1 1
41.282736 -122.164040   0.06719022     1281    94465 6 3 1 1
41.276097 -122.020467   0.13001073     1098   103073 6 3 1 1
41.281250 -121.968750   0.22025615     1141   108027 6 3 1 1
41.281250 -121.906250   0.22025615     1193   116543 6 3 1 1
41.281138 -121.843856   0.21942973     1255   126096 6 3 1 1
41.274809 -121.792021   0.11589405     1329   134568 6 3 1 1
41.268077 -121.707572   0.08580855     1353   226356 1 3 1 1
41.281250 -121.656250   0.22025615     1281   217753 6 3 1 1
41.277817 -121.615264   0.06538629     1203   216187 6 3 1 1
41.216080 -122.267909   0.12308242      907    80512 1 3 1 1
41.218750 -122.218750   0.22046695     1113    84161 1 3 1 1
41.213718 -122.163132   0.14341131     1041    83302 6 3 1 1
41.206880 -122.087776   0.06174127      954    84891 6 3 1 1
41.218520 -122.030959   0.21835608     1045    92959 6 3 1 1
41.222355 -121.971665   0.18914271     1235   101539 6 3 1 1
41.236483 -121.908743   0.09247887     1230   109627 1 3 1 1
41.233709 -121.840798   0.11129857     1251   126582 6 3 1 1
41.231345 -121.783707   0.12775397     1347   134529 1 3 1 1
41.226407 -121.715323   0.15716672     1322   223764 6 3 1 1
41.229158 -121.657150   0.14617398     1240   215353 6 3 1 1
41.225255 -121.608136   0.07226445     1166   209306 6 3 1 1
41.176663 -122.270147   0.05161553      817    78112 1 3 1 1
41.168812 -122.214868   0.12219572     1183    75057 1 3 1 1
41.154050 -122.156184   0.17203825      989    71740 6 3 1 1
41.158392 -122.095266   0.18552332     1006    77610 6 3 1 1
41.156250 -122.031250   0.22067750     1259    83192 1 3 1 1
41.154349 -121.970115   0.20572092     1502    90274 1 3 1 1
41.150846 -121.913390   0.10160483     1342   103045 1 3 1 1
41.144785 -121.842062   0.12422491     1189   106710 1 3 1 1
41.155833 -121.811250   0.00353086     1316   116633 0 3 1 1
41.125833 -121.505833   0.00078500     1022   188201 0 3 1 1
41.121667 -122.065417   0.00219813      831    80924 1 3 1 1
41.094792 -122.018187   0.10486073     1157    75943 1 3 1 1
41.103199 -121.970436   0.15155785     1213    90066 1 3 1 1
41.094042 -121.905812   0.21771573      914    94304 1 3 1 1
41.090910 -121.848798   0.17705540     1201   100747 1 3 1 1
41.073750 -121.811250   0.00318175     1324   106895 0 3 1 1
41.102692 -121.520534   0.06125781     1015   185791 11 3 1 1
41.090844 -121.467142   0.17824500     1011   177421 11 3 1 1
41.090612 -121.416437   0.11117320     1012   175231 11 3 1 1
41.101774 -121.351047   0.03062346     1011   180386 7 3 1 1
41.047198 -122.034569   0.05698334      874    70513 1 3 1 1
41.055314 -121.900903   0.03757314      773    93278 6 3 1 1
41.032011 -121.840038   0.19218395     1123    97883 1 3 1 1
41.021298 -121.790730   0.11653841     1287   106211 1 3 1 1
41.040271 -121.476905   0.03934528     1017   170016 11 3 1 1
41.035631 -121.413434   0.03494098     1007   167286 8 3 1 1
41.047611 -121.343750   0.02947238     1004   175258 11 3 1 1
41.023840 -121.290193   0.03813193     1012   182400 10 3 1 1
40.973646 -121.829144   0.10686166     1115   101319 6 3 1 1
40.980411 -121.787009   0.12446411     1063   109212 6 3 1 1
40.986341 -121.266703   0.01809322     1031   189303 7 3 1 1
40.936250 -121.826667   0.00236178     1399   110375 0 3 1 1
41.214167 -120.190417   0.01372168     2260   427528 0 3 1 1
41.219295 -120.170994   0.07520999     2395   428177 6 3 1 1
41.172500 -120.192702   0.01215938     2206   431616 0 3 1 1
41.166505 -120.167395   0.05275871     2348   433345 6 3 1 1
41.330833 -122.444583   0.00665157     2147   121465 6 6 1 1
41.335191 -122.400669   0.08912563     1441   108388 6 6 1 1
41.320917 -122.366440   0.01784352     1239   107375 6 6 1 1
41.307243 -122.392500   0.01432638     1340   105764 6 6 1 1
41.301640 -122.354872   0.04086157     1204   101990 6 6 1 1
41.375833 -122.375833   0.00015640     1186   116672 0 6 1 1
41.375833 -122.357381   0.00144670     1222   113910 0 6 1 1
41.371667 -122.375833   0.00062564     1187   115799 0 6 1 1
41.366859 -122.353718   0.02346162     1385   111536 6 6 1 1
41.639167 -120.815417   0.00272589     1499   347060 9 8 1 1
41.637700 -120.790939   0.02920640     1497   343366 9 8 1 1
41.613333 -120.783810   0.01090789     1496   341002 8 8 1 1
41.315417 -121.444583   0.00465720     1348   238599 0 8 1 1
41.315417 -121.425673   0.00356139     1351   240174 6 8 1 1
41.308116 -121.442173   0.00473614     1348   238868 0 8 1 1
41.296676 -121.415986   0.04184765     1348   240443 6 8 1 1
41.632885 -120.657115   0.01012514     1495   369520 9 14 1 1
41.643333 -120.565417   0.00545141     1512   369565 8 14 1 1
41.640083 -120.551931   0.02336505     1508   368786 0 14 1 1
41.580833 -121.601667   0.00779527     2065   258647 1 14 1 1
41.589167 -120.690417   0.00272799     1494   371936 0 14 1 1
41.603715 -120.653034   0.10792488     1491   364535 0 14 1 1
41.621667 -120.551667   0.00623227     1506   368501 7 14 1 1
41.485833 -120.474167   0.01951720     1338   361630 0 14 1 1
41.320664 -121.292253   0.01056618     1299   265131 6 14 1 1
41.299150 -121.262767   0.00978648     1301   260472 0 14 1 1
41.297500 -121.246667   0.00313175     1300   259730 0 14 1 1
41.239167 -121.151667   0.00783638     1268   252113 0 14 1 1
41.203537 -120.399805   0.01842553     1458   401092 0 14 1 1
41.147500 -122.080833   0.01177104      868    85120 0 14 1 1
41.129405 -121.404643   0.00549447     1013   181610 6 14 1 1
41.186250 -120.389167   0.00117641     1457   405288 0 14 1 1
41.105833 -121.440417   0.00274832     1010   180473 0 14 1 1
41.114364 -121.407662   0.02316136     1012   179207 0 14 1 1
41.092346 -120.401053   0.05968665     1683   421056 7 14 1 1
41.080833 -120.371667   0.00314213     1683   420183 7 14 1 1
41.030833 -121.655833   0.01179196      844   132657 0 14 1 1
40.880000 -122.232222   0.00472757      369    30153 6 14 1 1
40.833325 -122.401880   0.06402439      345    13077 0 14 1 1
40.819762 -122.357786   0.01285492      351    13269 0 14 1 1
40.835295 -122.271767   0.04573090      345    20516 0 14 1 1
40.867917 -122.242917   0.00630458      333    28024 0 14 1 1
40.815417 -122.155833   0.00276044      342    34864 6 14 1 1
40.775265 -122.396300   0.11110775      338     3876 0 14 1 1
40.767052 -122.352644   0.07671785      333     7127 0 14 1 1
40.776536 -122.285592   0.09588089      334    14460 0 14 1 1
40.768017 -122.218387   0.06487581      333    21564 0 14 1 1
40.777076 -122.164049   0.01838726      344    29281 0 14 1 1
40.764167 -122.121667   0.00315722      331    36998 6 14 1 1
40.737136 -122.411184   0.04465795      329       93 0 14 1 1
40.746667 -122.339167   0.00315806      339    10917 0 14 1 1
40.746667 -122.264167   0.00315806      340    20340 0 14 1 1
40.745091 -122.210322   0.01879233      331    26472 6 14 1 1
40.746667 -122.167645   0.01357964      338    29242 0 14 1 1
40.514167 -121.315417   0.00277294     1889   233927 0 14 1 1
40.514167 -121.307083   0.00514974     1888   233450 1 14 1 1
