hru_lat_TLG
37.88
37.8798
37.860427
37.85362
37.900441
37.905238
37.893387
37.875833
37.870374
37.855869
38.004473
37.980547
37.96665
37.943167
37.899054
37.904619
37.901145
37.893149
37.879647
37.834157
37.85875
37.842634
37.849012
37.858497
37.794843
37.772068
37.783995
37.771789
37.760509
37.705833
37.711492
37.713076
37.72397
37.674931
37.679981
37.672353
37.657655
38.000833
37.961474
37.980139
37.954829
37.975385
37.9225
37.926082
37.907843
37.909607
37.93625
37.912652
37.953976
37.942173
37.918897
37.924176
37.846347
37.832267
37.826738
37.821363
37.830833
37.81125
37.804776
37.800517
37.789394
37.754282
37.7225
37.715911
37.736556
37.67328
37.655833
37.956738
37.949553
37.926352
37.922775
37.782446
37.76034
37.739069
38.072988
38.088815
38.000833
38.020861
38.025466
38.046508
38.048818
37.9925
37.98863
37.969464
37.964807
37.960543
37.932686
37.93625
37.798095
37.774735
38.089834
38.030166
38.044295
38.043858
38.017453
38.024433
38.021605
38.007229
37.984102
37.978422
37.964647
37.96547
37.982252
37.926013
37.916741
37.908349
37.932083
37.871667
37.816743
37.815417
37.786999
37.780184
37.78356
37.764642
37.765988
38.033199
38.005833
37.98588
37.966317
37.951065
37.96
37.955669
37.91108
37.907759
37.893456
37.898095
37.91553
37.819583
37.840152
37.843189
37.838464
37.84557
37.807083
37.792133
37.781282
37.78125
37.885238
37.893886
37.893927
37.842386
37.846893
37.852402
37.871667
37.951665
37.957902
37.962889
37.95179
37.883355
37.902467
37.922949
37.933289
37.928557
37.866423
37.852644
37.836857
37.806429
37.790218
38.161506
38.163694
38.072972
38.091653
38.084856
38.101667
38.022681
38.031277
38.029081
38.019627
38.024379
38.013029
38.005788
37.991458
37.994408
37.980686
37.967824
37.965361
37.976207
37.994907
37.911429
37.909941
37.915481
37.917454
37.839944
37.837573
37.82944
37.804583
37.779087
37.791094
37.786342
38.080703
38.079071
38.074051
38.076286
38.068196
38.065417
38.054312
38.039138
38.034807
38.03125
38.031218
38.029066
38.019771
37.987332
37.992134
37.98378
37.990528
37.97164
37.955124
37.964167
37.927702
37.927917
37.950628
37.958397
37.915367
37.896652
37.8913
37.882477
37.869693
37.863788
37.845318
37.867306
37.799926
37.7975
38.208399
38.213486
38.207252
38.190417
38.154042
38.155248
38.157374
38.171649
38.097052
38.108248
38.103776
38.09869
37.880245
37.845645
37.801667
38.220659
38.220803
38.163448
38.147192
38.100939
38.097504
38.072794
38.06125
38.046975
38.054509
38.000833
37.961064
37.969087
37.945199
37.94247
37.94676
37.963377
37.96
37.926387
37.934609
37.895256
37.904612
37.89547
37.93625
37.844424
37.835485
37.780877
37.789782
38.190417
38.146312
38.156558
38.16609
38.121667
38.119026
37.942533
37.947532
37.920286
37.913149
37.926992
37.933175
37.776667
37.765983
38.152759
38.15498
38.105209
38.098403
38.117398
38.049815
38.049995
38.013333
38.019242
38.036282
37.970264
37.986403
37.906667
38.211113
38.198119
38.143042
38.172198
38.154355
38.078327
38.095552
38.085446
38.103895
38.057663
38.053946
38.06125
38.06125
38.224131
38.213903
38.20242
38.190417
38.135106
38.149725
38.15625
38.153105
38.135291
38.136913
38.121667
38.104484
38.098242
38.094473
38.09375
38.090646
38.08554
38.075526
38.06125
38.034867
38.036081
38.03125
38.03125
38.027727
38.005
37.989936
37.980428
37.971584
37.969025
37.947684
37.879724
37.888687
37.897625
37.898879
37.899514
37.903416
37.921361
37.917505
37.86
37.844755
37.84375
37.84375
37.84375
37.84375
37.841461
37.834625
37.842313
37.836734
37.786189
37.781253
37.783153
37.793289
37.721141
38.236326
38.229722
38.233564
38.238726
38.074522
38.043357
38.0325
37.9225
37.896045
37.764935
37.712935
38.01125
38.000833
37.989118
37.989043
37.836096
37.839167
37.788163
37.773706
37.724698
37.714906
37.65002
