hru_lon_TLG
-120.32375
-120.285869
-120.322985
-120.290749
-120.257696
-120.218631
-120.158892
-120.113333
-120.129282
-120.106176
-120.425649
-120.466735
-120.409138
-120.369118
-120.45207
-120.404296
-120.348704
-120.28845
-120.241511
-120.45614
-120.400174
-120.348433
-120.270981
-120.238188
-120.451545
-120.415348
-120.333672
-120.291095
-120.234815
-120.440417
-120.412088
-120.331092
-120.2862
-120.443368
-120.418175
-120.33893
-120.284152
-119.789167
-119.838805
-119.792234
-119.651254
-119.610288
-119.875833
-119.853999
-119.783234
-119.72772
-119.66
-120.463409
-120.460345
-120.433116
-120.457472
-120.42773
-120.456327
-120.413113
-120.341205
-120.278157
-120.246667
-120.440417
-120.392197
-120.367346
-120.274248
-120.245374
-120.375833
-120.35394
-120.230858
-120.328194
-120.31125
-120.337255
-120.30471
-120.334685
-120.292759
-120.399489
-120.35713
-120.342108
-120.205632
-120.160898
-120.375833
-120.335792
-120.281571
-120.218816
-120.172909
-120.375833
-120.342644
-120.280808
-120.225936
-120.18154
-120.27587
-120.246667
-120.258274
-120.225735
-120.236403
-120.378046
-120.352254
-120.28055
-120.21869
-120.157486
-120.093448
-120.05999
-120.258714
-120.211699
-120.15448
-120.094254
-120.057842
-120.194887
-120.149147
-120.098648
-120.06125
-120.093333
-120.02833
-119.98
-120.026454
-119.969813
-119.910162
-119.841608
-119.796522
-120.401262
-120.371667
-120.384213
-120.368038
-120.224352
-120.065417
-120.040039
-120.261636
-120.218047
-120.173519
-120.069515
-120.042687
-120.250833
-120.21319
-120.156818
-120.091969
-120.053931
-120.250833
-120.21038
-120.156218
-120.09375
-120.022404
-119.965055
-119.912101
-120.07214
-120.024693
-119.982031
-119.93625
-119.822962
-119.782509
-119.717415
-119.670574
-119.893569
-119.840204
-119.801705
-119.700251
-119.657748
-119.908968
-119.836989
-119.804546
-119.819125
-119.784558
-120.090725
-120.044425
-120.13287
-120.103934
-120.016101
-119.996667
-120.141895
-120.089302
-120.028984
-119.974442
-119.901064
-119.844374
-119.790604
-120.158646
-120.096064
-120.024411
-119.972761
-119.902552
-119.852188
-119.784701
-120.015254
-119.975044
-119.907095
-119.869606
-119.956585
-119.905365
-119.854629
-119.945637
-119.902587
-119.846668
-119.80101
-119.895434
-119.841594
-119.78301
-119.723142
-119.657678
-119.601667
-119.898659
-119.843509
-119.779957
-119.71875
-119.656282
-119.602337
-119.538041
-119.758714
-119.718226
-119.658527
-119.592649
-119.53055
-119.473851
-119.43625
-119.521216
-119.475833
-119.385122
-119.368782
-119.389402
-119.341398
-119.282795
-119.243626
-119.389211
-119.340322
-119.28662
-119.23814
-119.259722
-119.246667
-119.904238
-119.843403
-119.784994
-119.728611
-119.879083
-119.8412
-119.782661
-119.729308
-119.887045
-119.845879
-119.780992
-119.744881
-119.22299
-119.216053
-119.205833
-120.004624
-119.97581
-120.015766
-119.988393
-120.007251
-119.977592
-119.919768
-120.000833
-119.968879
-119.926185
-119.589167
-119.952165
-119.92893
-119.76198
-119.740749
-119.629565
-119.590424
-119.56125
-119.950734
-119.930442
-119.76773
-119.722936
-119.681365
-119.6175
-119.777405
-119.744577
-119.768226
-119.744092
-119.893333
-119.958587
-119.906349
-119.868782
-119.944583
-119.890798
-119.582735
-119.543027
-119.699857
-119.656332
-119.598004
-119.553481
-119.750833
-119.728357
-120.095759
-120.049677
-120.155538
-120.091604
-120.058608
-120.132315
-120.11252
-120.000833
-119.966999
-119.930481
-120.007324
-119.987774
-120.045
-119.95252
-119.909396
-120.018544
-119.973664
-119.915111
-120.068609
-120.042645
-119.95436
-119.920727
-120.071515
-120.049098
-119.952917
-119.93625
-119.758958
-119.723055
-119.65792
-119.6175
-119.754707
-119.714277
-119.65625
-119.597286
-119.533488
-119.490126
-119.755
-119.712401
-119.655999
-119.593548
-119.53125
-119.472243
-119.408844
-119.370232
-119.625833
-119.58065
-119.528392
-119.46875
-119.40625
-119.349223
-119.31125
-119.506763
-119.464378
-119.409335
-119.34443
-119.30501
-119.711692
-119.651884
-119.591743
-119.532812
-119.466548
-119.411488
-119.347453
-119.288299
-119.755
-119.715609
-119.65625
-119.59375
-119.53125
-119.46875
-119.407753
-119.345311
-119.276328
-119.23508
-119.709697
-119.346343
-119.280425
-119.232315
-119.294881
-119.841268
-119.788913
-119.65559
-119.616164
-119.351821
-119.324077
-119.31125
-119.26631
-119.228876
-119.296021
-119.267514
-119.90881
-119.839167
-119.902843
-119.858056
-120.385154
-120.353056
-120.399366
-120.364432
-120.395004
-120.366777
-120.283679
